1,0,1771,626,1919,791,1,-1,-1,-1
1,1,933,355,1207,606,1,-1,-1,-1
1,2,1478,463,1579,609,1,-1,-1,-1
1,3,1070,290,1196,380,1,-1,-1,-1
1,4,874,299,1010,444,1,-1,-1,-1
2,0,1761,614,1906,781,1,-1,-1,-1
2,1,933,355,1207,606,1,-1,-1,-1
2,2,1465,461,1569,597,1,-1,-1,-1
2,3,1065,292,1193,375,1,-1,-1,-1
2,4,874,299,1010,444,1,-1,-1,-1
3,0,1761,615,1906,781,1,-1,-1,-1
3,1,933,355,1207,606,1,-1,-1,-1
3,2,1466,459,1568,596,1,-1,-1,-1
3,3,1065,292,1193,376,1,-1,-1,-1
3,4,874,299,1010,444,1,-1,-1,-1
4,0,1748,606,1892,770,1,-1,-1,-1
4,1,933,355,1207,606,1,-1,-1,-1
4,2,1455,456,1556,589,1,-1,-1,-1
4,3,1062,291,1189,373,1,-1,-1,-1
4,4,874,299,1010,444,1,-1,-1,-1
5,0,1735,599,1877,760,1,-1,-1,-1
5,1,933,355,1207,606,1,-1,-1,-1
5,2,1445,451,1544,583,1,-1,-1,-1
5,3,1059,291,1183,371,1,-1,-1,-1
5,4,874,299,1010,444,1,-1,-1,-1
6,0,1723,588,1863,750,1,-1,-1,-1
6,1,933,355,1207,606,1,-1,-1,-1
6,2,1435,446,1532,575,1,-1,-1,-1
6,3,1058,291,1181,369,1,-1,-1,-1
6,4,874,299,1010,444,1,-1,-1,-1
7,0,1711,582,1850,741,1,-1,-1,-1
7,1,933,355,1207,606,1,-1,-1,-1
7,2,1426,440,1521,568,1,-1,-1,-1
7,3,1055,291,1176,368,1,-1,-1,-1
7,4,874,299,1010,444,1,-1,-1,-1
8,0,1698,575,1835,731,1,-1,-1,-1
8,1,933,355,1207,606,1,-1,-1,-1
8,2,1416,437,1510,562,1,-1,-1,-1
8,3,1053,290,1173,365,1,-1,-1,-1
8,4,874,299,1010,444,1,-1,-1,-1
9,0,1698,574,1834,730,1,-1,-1,-1
9,1,933,355,1207,606,1,-1,-1,-1
9,2,1416,435,1510,562,1,-1,-1,-1
9,3,1053,290,1172,365,1,-1,-1,-1
9,4,874,299,1010,444,1,-1,-1,-1
10,0,1686,568,1822,721,1,-1,-1,-1
10,1,933,355,1207,606,1,-1,-1,-1
10,2,1405,432,1499,555,1,-1,-1,-1
10,3,1050,290,1168,363,1,-1,-1,-1
10,4,874,299,1010,444,1,-1,-1,-1
11,0,1674,561,1804,712,1,-1,-1,-1
11,1,933,355,1207,606,1,-1,-1,-1
11,2,1397,427,1488,549,1,-1,-1,-1
11,3,1048,290,1164,362,1,-1,-1,-1
11,4,874,299,1010,444,1,-1,-1,-1
12,0,1662,554,1791,702,1,-1,-1,-1
12,1,933,355,1207,606,1,-1,-1,-1
12,2,1390,424,1477,542,1,-1,-1,-1
12,3,1045,290,1160,360,1,-1,-1,-1
12,4,874,299,1010,444,1,-1,-1,-1
13,0,1651,548,1777,694,1,-1,-1,-1
13,1,933,355,1207,606,1,-1,-1,-1
13,2,1380,419,1467,536,1,-1,-1,-1
13,3,1042,290,1157,358,1,-1,-1,-1
13,4,874,299,1010,444,1,-1,-1,-1
14,1,933,355,1207,606,1,-1,-1,-1
14,2,1373,415,1456,530,1,-1,-1,-1
14,0,1640,540,1762,685,1,-1,-1,-1
14,3,1040,289,1152,355,1,-1,-1,-1
14,4,874,299,1010,444,1,-1,-1,-1
15,1,933,355,1207,606,1,-1,-1,-1
15,2,1372,414,1455,530,1,-1,-1,-1
15,0,1640,540,1762,684,1,-1,-1,-1
15,3,1041,289,1151,355,1,-1,-1,-1
15,4,874,299,1010,444,1,-1,-1,-1
16,1,933,355,1207,606,1,-1,-1,-1
16,2,1365,411,1447,524,1,-1,-1,-1
16,0,1629,534,1748,676,1,-1,-1,-1
16,3,1038,289,1149,353,1,-1,-1,-1
16,4,874,299,1010,444,1,-1,-1,-1
17,1,933,355,1207,606,1,-1,-1,-1
17,2,1356,407,1436,518,1,-1,-1,-1
17,0,1617,527,1736,668,1,-1,-1,-1
17,3,1037,289,1145,351,1,-1,-1,-1
17,4,874,299,1010,444,1,-1,-1,-1
18,1,933,355,1207,606,1,-1,-1,-1
18,2,1349,403,1427,514,1,-1,-1,-1
18,0,1606,524,1723,660,1,-1,-1,-1
18,3,1034,290,1142,349,1,-1,-1,-1
18,4,874,299,1010,444,1,-1,-1,-1
19,1,933,355,1207,606,1,-1,-1,-1
19,2,1340,400,1417,508,1,-1,-1,-1
19,0,1595,517,1709,653,1,-1,-1,-1
19,3,1032,289,1137,348,1,-1,-1,-1
19,4,874,299,1010,444,1,-1,-1,-1
20,1,933,355,1207,606,1,-1,-1,-1
20,2,1333,396,1408,503,1,-1,-1,-1
20,0,1583,510,1697,644,1,-1,-1,-1
20,3,1030,289,1134,345,1,-1,-1,-1
20,4,874,299,1010,444,1,-1,-1,-1
21,1,933,355,1207,606,1,-1,-1,-1
21,2,1333,394,1408,503,1,-1,-1,-1
21,0,1584,510,1697,644,1,-1,-1,-1
21,3,1030,289,1135,346,1,-1,-1,-1
21,4,874,299,1010,444,1,-1,-1,-1
22,0,1572,505,1684,636,1,-1,-1,-1
22,1,933,355,1207,606,1,-1,-1,-1
22,2,1326,389,1398,498,1,-1,-1,-1
22,3,1029,289,1133,344,1,-1,-1,-1
22,4,874,299,1010,444,1,-1,-1,-1
23,0,1561,500,1672,629,1,-1,-1,-1
23,1,933,355,1207,606,1,-1,-1,-1
23,2,1319,386,1390,494,1,-1,-1,-1
23,3,1027,289,1129,342,1,-1,-1,-1
23,4,874,299,1010,444,1,-1,-1,-1
24,0,1551,493,1659,621,1,-1,-1,-1
24,1,933,355,1207,606,1,-1,-1,-1
24,2,1311,383,1380,488,1,-1,-1,-1
24,3,1027,289,1127,341,1,-1,-1,-1
24,4,874,299,1010,444,1,-1,-1,-1
25,0,1538,489,1647,613,1,-1,-1,-1
25,1,933,355,1207,606,1,-1,-1,-1
25,2,1304,380,1372,483,1,-1,-1,-1
25,3,1024,288,1125,340,1,-1,-1,-1
25,4,874,299,1010,444,1,-1,-1,-1
26,0,1530,478,1635,606,1,-1,-1,-1
26,1,933,355,1207,606,1,-1,-1,-1
26,2,1297,377,1364,477,1,-1,-1,-1
26,3,1022,288,1120,338,1,-1,-1,-1
26,4,874,299,1010,444,1,-1,-1,-1
27,0,1530,483,1635,606,1,-1,-1,-1
27,1,933,355,1207,606,1,-1,-1,-1
27,2,1297,377,1363,476,1,-1,-1,-1
27,3,1023,288,1120,338,1,-1,-1,-1
27,4,874,299,1010,444,1,-1,-1,-1
28,0,1520,478,1623,600,1,-1,-1,-1
28,1,933,355,1207,606,1,-1,-1,-1
28,2,1290,374,1356,472,1,-1,-1,-1
28,3,1021,288,1117,336,1,-1,-1,-1
28,4,874,299,1010,444,1,-1,-1,-1
29,0,1509,473,1612,593,1,-1,-1,-1
29,1,933,355,1207,606,1,-1,-1,-1
29,2,1283,371,1348,467,1,-1,-1,-1
29,3,1019,288,1115,335,1,-1,-1,-1
29,4,874,299,1010,444,1,-1,-1,-1
30,0,1498,469,1600,587,1,-1,-1,-1
30,1,933,355,1207,606,1,-1,-1,-1
30,2,1275,367,1340,464,1,-1,-1,-1
30,3,1017,288,1111,334,1,-1,-1,-1
30,4,874,299,1010,444,1,-1,-1,-1
31,0,1488,464,1589,580,1,-1,-1,-1
31,1,933,355,1207,606,1,-1,-1,-1
31,2,1269,365,1332,460,1,-1,-1,-1
31,3,1015,288,1108,332,1,-1,-1,-1
31,4,874,299,1010,444,1,-1,-1,-1
32,0,1478,460,1577,573,1,-1,-1,-1
32,1,933,355,1207,606,1,-1,-1,-1
32,2,1263,363,1325,454,1,-1,-1,-1
32,4,874,299,1010,444,1,-1,-1,-1
33,0,1478,460,1577,573,1,-1,-1,-1
33,1,933,355,1207,606,1,-1,-1,-1
33,2,1263,363,1325,453,1,-1,-1,-1
33,4,874,299,1010,444,1,-1,-1,-1
34,2,1256,360,1318,450,1,-1,-1,-1
34,1,933,355,1207,606,1,-1,-1,-1
34,0,1468,457,1564,567,1,-1,-1,-1
34,4,874,299,1010,444,1,-1,-1,-1
35,2,1250,356,1311,445,1,-1,-1,-1
35,1,933,355,1207,606,1,-1,-1,-1
35,0,1458,452,1553,560,1,-1,-1,-1
35,4,874,299,1010,444,1,-1,-1,-1
36,2,1244,354,1304,442,1,-1,-1,-1
36,1,933,355,1207,606,1,-1,-1,-1
36,0,1448,447,1543,553,1,-1,-1,-1
36,4,874,299,1010,444,1,-1,-1,-1
37,2,1238,350,1296,439,1,-1,-1,-1
37,1,933,355,1207,606,1,-1,-1,-1
37,0,1439,442,1532,548,1,-1,-1,-1
37,4,874,299,1010,444,1,-1,-1,-1
38,2,1233,348,1290,436,1,-1,-1,-1
38,1,933,355,1207,606,1,-1,-1,-1
38,0,1429,439,1521,542,1,-1,-1,-1
38,4,874,299,1010,444,1,-1,-1,-1
39,2,1232,348,1289,435,1,-1,-1,-1
39,1,933,355,1207,606,1,-1,-1,-1
39,0,1430,439,1521,541,1,-1,-1,-1
39,4,874,299,1010,444,1,-1,-1,-1
40,2,1226,346,1283,432,1,-1,-1,-1
40,1,933,355,1207,606,1,-1,-1,-1
40,0,1422,434,1510,536,1,-1,-1,-1
40,4,874,299,1010,444,1,-1,-1,-1
41,2,1220,344,1277,430,1,-1,-1,-1
41,1,933,355,1207,606,1,-1,-1,-1
41,0,1413,430,1500,530,1,-1,-1,-1
41,4,874,299,1010,444,1,-1,-1,-1
42,0,1406,425,1490,524,1,-1,-1,-1
42,1,933,355,1207,606,1,-1,-1,-1
42,2,1213,342,1271,426,1,-1,-1,-1
42,4,874,299,1010,444,1,-1,-1,-1
43,0,1396,422,1479,519,1,-1,-1,-1
43,1,933,355,1207,606,1,-1,-1,-1
43,2,1207,340,1264,422,1,-1,-1,-1
43,4,874,299,1010,444,1,-1,-1,-1
44,0,1387,419,1469,514,1,-1,-1,-1
44,1,933,355,1207,606,1,-1,-1,-1
44,2,1202,337,1258,419,1,-1,-1,-1
44,4,874,299,1010,444,1,-1,-1,-1
45,0,1388,419,1470,514,1,-1,-1,-1
45,1,933,355,1207,606,1,-1,-1,-1
45,2,1201,337,1258,419,1,-1,-1,-1
45,4,874,299,1010,444,1,-1,-1,-1
46,0,1379,415,1459,508,1,-1,-1,-1
46,1,933,355,1207,606,1,-1,-1,-1
46,2,1196,335,1252,417,1,-1,-1,-1
46,4,874,299,1010,444,1,-1,-1,-1
47,0,1373,411,1449,504,1,-1,-1,-1
47,1,933,355,1207,606,1,-1,-1,-1
47,2,1190,332,1245,414,1,-1,-1,-1
47,4,874,299,1010,444,1,-1,-1,-1
48,0,1364,409,1440,501,1,-1,-1,-1
48,1,933,355,1207,606,1,-1,-1,-1
48,2,1186,330,1240,410,1,-1,-1,-1
48,4,874,299,1010,444,1,-1,-1,-1
49,0,1355,405,1430,496,1,-1,-1,-1
49,1,933,355,1207,606,1,-1,-1,-1
49,2,1180,328,1234,406,1,-1,-1,-1
49,4,874,299,1010,444,1,-1,-1,-1
50,0,1348,401,1421,492,1,-1,-1,-1
50,1,933,355,1207,606,1,-1,-1,-1
50,2,1175,326,1229,403,1,-1,-1,-1
50,4,874,299,1010,444,1,-1,-1,-1
51,0,1348,401,1422,491,1,-1,-1,-1
51,1,933,355,1207,606,1,-1,-1,-1
51,2,1174,325,1229,403,1,-1,-1,-1
51,4,874,299,1010,444,1,-1,-1,-1
52,0,1341,397,1412,487,1,-1,-1,-1
52,1,933,355,1207,606,1,-1,-1,-1
52,2,1170,324,1223,400,1,-1,-1,-1
52,4,874,299,1010,444,1,-1,-1,-1
53,0,1333,395,1402,483,1,-1,-1,-1
53,1,933,355,1207,606,1,-1,-1,-1
53,2,1165,322,1217,397,1,-1,-1,-1
53,4,874,299,1010,444,1,-1,-1,-1
54,2,1160,320,1211,394,1,-1,-1,-1
54,1,933,355,1207,606,1,-1,-1,-1
54,0,1327,390,1393,479,1,-1,-1,-1
54,4,874,299,1010,444,1,-1,-1,-1
55,2,1156,319,1207,392,1,-1,-1,-1
55,1,933,355,1207,606,1,-1,-1,-1
55,0,1320,387,1384,474,1,-1,-1,-1
55,4,874,299,1010,444,1,-1,-1,-1
56,2,1151,317,1201,388,1,-1,-1,-1
56,1,933,355,1207,606,1,-1,-1,-1
56,0,1313,384,1375,470,1,-1,-1,-1
56,4,874,299,1010,444,1,-1,-1,-1
57,2,1151,317,1202,389,1,-1,-1,-1
57,1,933,355,1207,606,1,-1,-1,-1
57,0,1313,385,1376,469,1,-1,-1,-1
57,4,874,299,1010,444,1,-1,-1,-1
58,2,1146,314,1196,386,1,-1,-1,-1
58,1,933,355,1207,606,1,-1,-1,-1
58,0,1305,377,1367,465,1,-1,-1,-1
58,4,874,299,1010,444,1,-1,-1,-1
59,2,1142,313,1191,383,1,-1,-1,-1
59,1,933,355,1207,606,1,-1,-1,-1
59,0,1298,376,1359,462,1,-1,-1,-1
59,4,874,299,1010,444,1,-1,-1,-1
60,2,1138,311,1185,381,1,-1,-1,-1
60,1,933,355,1207,606,1,-1,-1,-1
60,0,1290,372,1351,458,1,-1,-1,-1
60,4,874,299,1010,444,1,-1,-1,-1
61,2,1135,310,1181,379,1,-1,-1,-1
61,1,933,355,1207,606,1,-1,-1,-1
61,0,1284,368,1343,453,1,-1,-1,-1
61,4,874,299,1010,444,1,-1,-1,-1
62,0,1278,367,1336,450,1,-1,-1,-1
62,1,933,355,1207,606,1,-1,-1,-1
62,2,1131,308,1176,375,1,-1,-1,-1
62,4,874,299,1010,444,1,-1,-1,-1
63,0,1277,368,1336,449,1,-1,-1,-1
63,1,933,355,1207,606,1,-1,-1,-1
63,2,1131,308,1177,375,1,-1,-1,-1
63,4,874,299,1010,444,1,-1,-1,-1
64,0,1272,363,1328,446,1,-1,-1,-1
64,1,933,355,1207,606,1,-1,-1,-1
64,2,1127,307,1172,373,1,-1,-1,-1
64,4,874,299,1010,444,1,-1,-1,-1
65,0,1265,361,1321,442,1,-1,-1,-1
65,1,933,355,1207,606,1,-1,-1,-1
65,2,1122,305,1167,371,1,-1,-1,-1
65,4,874,299,1010,444,1,-1,-1,-1
66,0,1259,359,1314,439,1,-1,-1,-1
66,1,933,355,1207,606,1,-1,-1,-1
66,2,1119,304,1163,369,1,-1,-1,-1
66,4,874,299,1010,444,1,-1,-1,-1
67,0,1251,358,1307,435,1,-1,-1,-1
67,1,933,355,1207,606,1,-1,-1,-1
67,2,1115,302,1159,367,1,-1,-1,-1
67,4,874,299,1010,444,1,-1,-1,-1
68,0,1245,354,1299,430,1,-1,-1,-1
68,1,933,355,1207,606,1,-1,-1,-1
68,2,1111,301,1154,364,1,-1,-1,-1
68,4,874,299,1010,444,1,-1,-1,-1
69,0,1245,355,1299,430,1,-1,-1,-1
69,1,933,355,1207,606,1,-1,-1,-1
69,2,1111,301,1153,364,1,-1,-1,-1
69,4,874,299,1010,444,1,-1,-1,-1
70,0,1240,350,1293,427,1,-1,-1,-1
70,1,933,355,1207,606,1,-1,-1,-1
70,2,1108,300,1150,363,1,-1,-1,-1
70,4,874,299,1010,444,1,-1,-1,-1
71,0,1234,349,1286,424,1,-1,-1,-1
71,1,933,355,1207,606,1,-1,-1,-1
71,2,1104,299,1146,360,1,-1,-1,-1
71,4,874,299,1010,444,1,-1,-1,-1
72,0,1228,347,1279,421,1,-1,-1,-1
72,1,933,355,1207,606,1,-1,-1,-1
72,2,1100,298,1141,358,1,-1,-1,-1
72,4,874,299,1010,444,1,-1,-1,-1
73,0,1222,344,1273,418,1,-1,-1,-1
73,1,933,355,1207,606,1,-1,-1,-1
73,2,1097,297,1137,356,1,-1,-1,-1
73,4,874,299,1010,444,1,-1,-1,-1
74,0,1216,343,1267,415,1,-1,-1,-1
74,1,933,355,1207,606,1,-1,-1,-1
74,2,1094,296,1133,355,1,-1,-1,-1
74,4,874,299,1010,444,1,-1,-1,-1
75,0,1216,343,1267,413,1,-1,-1,-1
75,1,933,355,1207,606,1,-1,-1,-1
75,2,1095,295,1134,354,1,-1,-1,-1
75,4,874,299,1010,444,1,-1,-1,-1
76,0,1211,341,1260,412,1,-1,-1,-1
76,1,933,355,1207,606,1,-1,-1,-1
76,2,1091,295,1130,353,1,-1,-1,-1
76,4,874,299,1010,444,1,-1,-1,-1
77,0,1205,339,1255,409,1,-1,-1,-1
77,1,933,355,1207,606,1,-1,-1,-1
77,2,1088,293,1127,351,1,-1,-1,-1
77,4,874,299,1010,444,1,-1,-1,-1
78,0,1200,336,1249,405,1,-1,-1,-1
78,1,933,355,1207,606,1,-1,-1,-1
78,2,1085,293,1123,349,1,-1,-1,-1
78,4,874,299,1010,444,1,-1,-1,-1
79,0,1194,334,1242,402,1,-1,-1,-1
79,1,933,355,1207,606,1,-1,-1,-1
79,2,1087,313,1120,348,1,-1,-1,-1
79,4,874,299,1010,444,1,-1,-1,-1
80,0,1189,330,1236,399,1,-1,-1,-1
80,1,933,355,1207,606,1,-1,-1,-1
80,2,1086,310,1114,348,1,-1,-1,-1
80,4,874,299,1010,444,1,-1,-1,-1
81,0,1188,329,1237,399,1,-1,-1,-1
81,1,933,355,1207,606,1,-1,-1,-1
81,2,1087,310,1114,348,1,-1,-1,-1
81,4,874,299,1010,444,1,-1,-1,-1
82,0,1184,328,1231,398,1,-1,-1,-1
82,1,933,355,1207,606,1,-1,-1,-1
82,2,1083,308,1111,345,1,-1,-1,-1
82,4,874,299,1010,444,1,-1,-1,-1
83,0,1179,326,1225,394,1,-1,-1,-1
83,1,933,355,1207,606,1,-1,-1,-1
83,2,1081,307,1108,344,1,-1,-1,-1
83,4,874,299,1010,444,1,-1,-1,-1
84,0,1174,324,1219,392,1,-1,-1,-1
84,1,933,355,1207,606,1,-1,-1,-1
84,2,1078,306,1105,341,1,-1,-1,-1
84,4,874,299,1010,444,1,-1,-1,-1
85,0,1169,324,1215,389,1,-1,-1,-1
85,1,933,355,1207,606,1,-1,-1,-1
85,2,1076,305,1102,340,1,-1,-1,-1
85,4,874,299,1010,444,1,-1,-1,-1
86,0,1164,321,1210,386,1,-1,-1,-1
86,1,933,355,1207,606,1,-1,-1,-1
86,2,1073,303,1099,338,1,-1,-1,-1
86,4,874,299,1010,444,1,-1,-1,-1
87,0,1165,321,1210,385,1,-1,-1,-1
87,1,933,355,1207,606,1,-1,-1,-1
87,2,1073,304,1099,338,1,-1,-1,-1
87,4,874,299,1010,444,1,-1,-1,-1
88,0,1160,321,1204,383,1,-1,-1,-1
88,1,933,355,1207,606,1,-1,-1,-1
88,2,1070,302,1096,336,1,-1,-1,-1
88,4,874,299,1010,444,1,-1,-1,-1
89,0,1155,319,1199,381,1,-1,-1,-1
89,1,933,355,1207,606,1,-1,-1,-1
89,2,1067,300,1093,334,1,-1,-1,-1
89,4,874,299,1010,444,1,-1,-1,-1
90,0,1152,318,1195,379,1,-1,-1,-1
90,1,933,355,1207,606,1,-1,-1,-1
90,2,1066,299,1090,333,1,-1,-1,-1
90,4,874,299,1010,444,1,-1,-1,-1
91,0,1147,317,1188,376,1,-1,-1,-1
91,1,933,355,1207,606,1,-1,-1,-1
91,2,1063,298,1087,332,1,-1,-1,-1
91,4,874,299,1010,444,1,-1,-1,-1
92,0,1143,314,1184,374,1,-1,-1,-1
92,1,933,355,1207,606,1,-1,-1,-1
92,2,1060,297,1084,331,1,-1,-1,-1
92,4,874,299,1010,444,1,-1,-1,-1
93,0,1146,339,1185,372,1,-1,-1,-1
93,1,933,355,1207,606,1,-1,-1,-1
93,2,1058,297,1083,329,1,-1,-1,-1
93,4,874,299,1010,444,1,-1,-1,-1
94,2,1057,297,1081,328,1,-1,-1,-1
94,1,933,355,1207,606,1,-1,-1,-1
94,0,1143,338,1181,370,1,-1,-1,-1
94,4,874,299,1010,444,1,-1,-1,-1
95,2,1054,296,1079,326,1,-1,-1,-1
95,1,933,355,1207,606,1,-1,-1,-1
95,0,1139,335,1175,368,1,-1,-1,-1
95,4,874,299,1010,444,1,-1,-1,-1
96,2,1052,293,1076,325,1,-1,-1,-1
96,1,933,355,1207,606,1,-1,-1,-1
96,0,1136,333,1171,366,1,-1,-1,-1
96,4,874,299,1010,444,1,-1,-1,-1
97,2,1049,293,1076,326,1,-1,-1,-1
97,1,933,355,1207,606,1,-1,-1,-1
97,0,1131,332,1169,363,1,-1,-1,-1
97,4,874,299,1010,444,1,-1,-1,-1
98,2,1047,291,1072,323,1,-1,-1,-1
98,1,933,355,1207,606,1,-1,-1,-1
98,0,1128,329,1161,361,1,-1,-1,-1
98,4,874,299,1010,444,1,-1,-1,-1
99,2,1046,292,1070,322,1,-1,-1,-1
99,1,933,355,1207,606,1,-1,-1,-1
99,0,1126,330,1160,360,1,-1,-1,-1
99,4,874,299,1010,444,1,-1,-1,-1
100,0,1123,328,1157,359,1,-1,-1,-1
100,1,933,355,1207,606,1,-1,-1,-1
100,4,874,299,1010,444,1,-1,-1,-1
101,0,1119,326,1153,357,1,-1,-1,-1
101,1,933,355,1207,606,1,-1,-1,-1
101,4,874,299,1010,444,1,-1,-1,-1
102,0,1115,324,1148,355,1,-1,-1,-1
102,1,933,355,1207,606,1,-1,-1,-1
102,4,874,299,1010,444,1,-1,-1,-1
103,0,1111,322,1144,353,1,-1,-1,-1
103,1,933,355,1207,606,1,-1,-1,-1
103,4,874,299,1010,444,1,-1,-1,-1
104,0,1108,321,1140,352,1,-1,-1,-1
104,1,933,355,1207,606,1,-1,-1,-1
104,4,874,299,1010,444,1,-1,-1,-1
105,0,1109,321,1140,352,1,-1,-1,-1
105,1,933,355,1207,606,1,-1,-1,-1
105,4,874,299,1010,444,1,-1,-1,-1
106,0,1104,319,1136,349,1,-1,-1,-1
106,1,933,355,1207,606,1,-1,-1,-1
106,4,874,299,1010,444,1,-1,-1,-1
107,0,1101,319,1132,348,1,-1,-1,-1
107,1,933,355,1207,606,1,-1,-1,-1
107,4,874,299,1010,444,1,-1,-1,-1
108,0,1097,317,1128,346,1,-1,-1,-1
108,1,933,355,1207,606,1,-1,-1,-1
108,4,874,299,1010,444,1,-1,-1,-1
109,0,1094,315,1125,344,1,-1,-1,-1
109,1,933,355,1207,606,1,-1,-1,-1
109,4,874,299,1010,444,1,-1,-1,-1
110,0,1091,314,1122,342,1,-1,-1,-1
110,1,933,355,1207,606,1,-1,-1,-1
110,4,874,299,1010,444,1,-1,-1,-1
111,0,1092,313,1121,341,1,-1,-1,-1
111,1,933,355,1207,606,1,-1,-1,-1
111,4,874,299,1010,444,1,-1,-1,-1
112,0,1088,312,1118,341,1,-1,-1,-1
112,1,933,355,1207,606,1,-1,-1,-1
112,4,874,299,1010,444,1,-1,-1,-1
113,0,1085,311,1115,338,1,-1,-1,-1
113,1,933,355,1207,606,1,-1,-1,-1
113,4,874,299,1010,444,1,-1,-1,-1
114,0,1082,309,1111,336,1,-1,-1,-1
114,1,933,355,1207,606,1,-1,-1,-1
114,4,874,299,1010,444,1,-1,-1,-1
115,0,1079,308,1108,335,1,-1,-1,-1
115,1,933,355,1207,606,1,-1,-1,-1
115,4,874,299,1010,444,1,-1,-1,-1
116,0,1078,306,1106,333,1,-1,-1,-1
116,1,933,355,1207,606,1,-1,-1,-1
116,4,874,299,1010,444,1,-1,-1,-1
117,0,1078,306,1105,333,1,-1,-1,-1
117,1,933,355,1207,606,1,-1,-1,-1
117,4,874,299,1010,444,1,-1,-1,-1
118,0,1075,305,1102,331,1,-1,-1,-1
118,1,933,355,1207,606,1,-1,-1,-1
118,4,874,299,1010,444,1,-1,-1,-1
119,0,1072,303,1098,330,1,-1,-1,-1
119,1,933,355,1207,606,1,-1,-1,-1
119,4,874,299,1010,444,1,-1,-1,-1
120,0,1070,302,1095,330,1,-1,-1,-1
120,1,933,355,1207,606,1,-1,-1,-1
120,4,874,299,1010,444,1,-1,-1,-1
121,0,1070,301,1092,328,1,-1,-1,-1
121,1,933,355,1207,606,1,-1,-1,-1
121,4,874,299,1010,444,1,-1,-1,-1
122,0,1062,300,1090,325,1,-1,-1,-1
122,1,933,355,1207,606,1,-1,-1,-1
122,4,874,299,1010,444,1,-1,-1,-1
123,0,1059,299,1090,324,1,-1,-1,-1
123,1,933,355,1207,606,1,-1,-1,-1
123,4,874,299,1010,444,1,-1,-1,-1
124,5,1825,709,1919,882,1,-1,-1,-1
124,1,933,355,1207,606,1,-1,-1,-1
124,6,974,286,1089,362,1,-1,-1,-1
124,4,874,299,1010,444,1,-1,-1,-1
125,1,933,355,1207,606,1,-1,-1,-1
125,5,1798,686,1919,870,1,-1,-1,-1
125,6,975,286,1095,362,1,-1,-1,-1
125,4,874,299,1010,444,1,-1,-1,-1
126,1,933,355,1207,606,1,-1,-1,-1
126,5,1773,666,1918,852,1,-1,-1,-1
126,6,977,287,1099,365,1,-1,-1,-1
126,4,874,299,1010,444,1,-1,-1,-1
127,1,933,355,1207,606,1,-1,-1,-1
127,5,1748,650,1905,830,1,-1,-1,-1
127,6,977,288,1104,367,1,-1,-1,-1
127,4,874,299,1010,444,1,-1,-1,-1
128,1,933,355,1207,606,1,-1,-1,-1
128,5,1723,631,1875,808,1,-1,-1,-1
128,6,978,288,1109,370,1,-1,-1,-1
128,4,874,299,1010,444,1,-1,-1,-1
129,1,933,355,1207,606,1,-1,-1,-1
129,5,1724,631,1876,809,1,-1,-1,-1
129,6,978,288,1108,369,1,-1,-1,-1
129,4,874,299,1010,444,1,-1,-1,-1
130,1,933,355,1207,606,1,-1,-1,-1
130,5,1724,631,1876,809,1,-1,-1,-1
130,6,979,287,1108,369,1,-1,-1,-1
130,4,874,299,1010,444,1,-1,-1,-1
131,1,933,355,1207,606,1,-1,-1,-1
131,5,1700,620,1850,790,1,-1,-1,-1
131,6,982,287,1114,371,1,-1,-1,-1
131,4,874,299,1010,444,1,-1,-1,-1
132,1,933,355,1207,606,1,-1,-1,-1
132,5,1655,587,1799,752,1,-1,-1,-1
132,6,988,288,1124,378,1,-1,-1,-1
132,4,874,299,1010,444,1,-1,-1,-1
133,1,933,355,1207,606,1,-1,-1,-1
133,5,1635,582,1769,736,1,-1,-1,-1
133,6,994,290,1129,382,1,-1,-1,-1
133,4,874,299,1010,444,1,-1,-1,-1
134,5,1615,561,1747,718,1,-1,-1,-1
134,1,933,355,1207,606,1,-1,-1,-1
134,6,998,293,1135,386,1,-1,-1,-1
134,4,874,299,1010,444,1,-1,-1,-1
135,5,1615,566,1747,718,1,-1,-1,-1
135,1,933,355,1207,606,1,-1,-1,-1
135,6,1000,291,1135,384,1,-1,-1,-1
135,4,874,299,1010,444,1,-1,-1,-1
136,5,1596,552,1723,703,1,-1,-1,-1
136,1,933,355,1207,606,1,-1,-1,-1
136,6,1002,293,1140,388,1,-1,-1,-1
136,4,874,299,1010,444,1,-1,-1,-1
137,5,1577,540,1700,687,1,-1,-1,-1
137,1,933,355,1207,606,1,-1,-1,-1
137,6,1006,294,1146,390,1,-1,-1,-1
137,4,874,299,1010,444,1,-1,-1,-1
138,5,1559,528,1678,672,1,-1,-1,-1
138,1,933,355,1207,606,1,-1,-1,-1
138,6,1010,295,1153,394,1,-1,-1,-1
138,4,874,299,1010,444,1,-1,-1,-1
139,5,1540,517,1656,658,1,-1,-1,-1
139,1,933,355,1207,606,1,-1,-1,-1
139,6,1012,298,1158,398,1,-1,-1,-1
139,4,874,299,1010,444,1,-1,-1,-1
140,5,1524,508,1636,645,1,-1,-1,-1
140,1,933,355,1207,606,1,-1,-1,-1
140,6,1016,301,1164,403,1,-1,-1,-1
140,4,874,299,1010,444,1,-1,-1,-1
141,5,1525,508,1634,644,1,-1,-1,-1
141,1,933,355,1207,606,1,-1,-1,-1
141,6,1017,301,1164,401,1,-1,-1,-1
141,4,874,299,1010,444,1,-1,-1,-1
142,5,1507,494,1616,632,1,-1,-1,-1
142,1,933,355,1207,606,1,-1,-1,-1
142,6,1020,302,1171,406,1,-1,-1,-1
142,4,874,299,1010,444,1,-1,-1,-1
143,5,1491,492,1597,620,1,-1,-1,-1
143,1,933,355,1207,606,1,-1,-1,-1
143,6,1022,304,1177,410,1,-1,-1,-1
143,4,874,299,1010,444,1,-1,-1,-1
144,5,1477,481,1578,608,1,-1,-1,-1
144,1,933,355,1207,606,1,-1,-1,-1
144,6,1028,306,1185,414,1,-1,-1,-1
144,4,874,299,1010,444,1,-1,-1,-1
145,5,1463,472,1560,596,1,-1,-1,-1
145,1,933,355,1207,606,1,-1,-1,-1
145,6,1033,308,1191,418,1,-1,-1,-1
145,4,874,299,1010,444,1,-1,-1,-1
146,5,1449,465,1542,586,1,-1,-1,-1
146,1,933,355,1207,606,1,-1,-1,-1
146,6,1037,310,1198,422,1,-1,-1,-1
146,4,874,299,1010,444,1,-1,-1,-1
147,5,1449,463,1542,585,1,-1,-1,-1
147,1,933,355,1207,606,1,-1,-1,-1
147,6,1037,311,1198,422,1,-1,-1,-1
147,4,874,299,1010,444,1,-1,-1,-1
148,5,1434,456,1525,575,1,-1,-1,-1
148,1,933,355,1207,606,1,-1,-1,-1
148,6,1042,313,1206,427,1,-1,-1,-1
148,4,874,299,1010,444,1,-1,-1,-1
149,5,1422,449,1509,565,1,-1,-1,-1
149,1,933,355,1207,606,1,-1,-1,-1
149,6,1047,315,1213,431,1,-1,-1,-1
149,4,874,299,1010,444,1,-1,-1,-1
150,5,1409,441,1494,555,1,-1,-1,-1
150,1,933,355,1207,606,1,-1,-1,-1
150,6,1050,318,1221,436,1,-1,-1,-1
150,4,874,299,1010,444,1,-1,-1,-1
151,5,1398,437,1479,546,1,-1,-1,-1
151,1,933,355,1207,606,1,-1,-1,-1
151,6,1055,320,1229,440,1,-1,-1,-1
151,4,874,299,1010,444,1,-1,-1,-1
152,5,1387,428,1466,538,1,-1,-1,-1
152,1,933,355,1207,606,1,-1,-1,-1
152,6,1060,323,1237,447,1,-1,-1,-1
152,4,874,299,1010,444,1,-1,-1,-1
153,5,1386,429,1465,538,1,-1,-1,-1
153,1,933,355,1207,606,1,-1,-1,-1
153,6,1060,323,1237,446,1,-1,-1,-1
153,4,874,299,1010,444,1,-1,-1,-1
154,5,1375,421,1451,529,1,-1,-1,-1
154,1,933,355,1207,606,1,-1,-1,-1
154,6,1066,326,1245,455,1,-1,-1,-1
154,4,874,299,1010,444,1,-1,-1,-1
155,5,1364,417,1439,521,1,-1,-1,-1
155,1,933,355,1207,606,1,-1,-1,-1
155,6,1071,329,1254,460,1,-1,-1,-1
155,4,874,299,1010,444,1,-1,-1,-1
156,5,1354,410,1425,513,1,-1,-1,-1
156,1,933,355,1207,606,1,-1,-1,-1
156,6,1076,332,1264,464,1,-1,-1,-1
156,4,874,299,1010,444,1,-1,-1,-1
157,5,1344,404,1413,506,1,-1,-1,-1
157,1,933,355,1207,606,1,-1,-1,-1
157,6,1081,334,1273,469,1,-1,-1,-1
157,4,874,299,1010,444,1,-1,-1,-1
158,5,1334,399,1401,500,1,-1,-1,-1
158,1,933,355,1207,606,1,-1,-1,-1
158,6,1088,338,1283,475,1,-1,-1,-1
158,4,874,299,1010,444,1,-1,-1,-1
159,5,1334,400,1401,500,1,-1,-1,-1
159,1,933,355,1207,606,1,-1,-1,-1
159,6,1088,336,1283,475,1,-1,-1,-1
159,4,874,299,1010,444,1,-1,-1,-1
160,5,1327,397,1391,492,1,-1,-1,-1
160,1,933,355,1207,606,1,-1,-1,-1
160,6,1092,341,1293,481,1,-1,-1,-1
160,4,874,299,1010,444,1,-1,-1,-1
161,1,933,355,1207,606,1,-1,-1,-1
161,5,1317,391,1377,485,1,-1,-1,-1
161,6,1099,343,1303,486,1,-1,-1,-1
161,4,874,299,1010,444,1,-1,-1,-1
162,1,933,355,1207,606,1,-1,-1,-1
162,5,1310,385,1367,479,1,-1,-1,-1
162,6,1105,347,1314,494,1,-1,-1,-1
162,4,874,299,1010,444,1,-1,-1,-1
163,1,933,355,1207,606,1,-1,-1,-1
163,5,1301,381,1356,472,1,-1,-1,-1
163,6,1110,350,1324,501,1,-1,-1,-1
163,4,874,299,1010,444,1,-1,-1,-1
164,1,933,355,1207,606,1,-1,-1,-1
164,5,1293,379,1347,465,1,-1,-1,-1
164,6,1115,354,1336,508,1,-1,-1,-1
164,4,874,299,1010,444,1,-1,-1,-1
165,5,1292,379,1346,466,1,-1,-1,-1
165,1,933,355,1207,606,1,-1,-1,-1
165,6,1115,354,1337,507,1,-1,-1,-1
165,4,874,299,1010,444,1,-1,-1,-1
166,5,1284,373,1338,448,1,-1,-1,-1
166,1,933,355,1207,606,1,-1,-1,-1
166,6,1122,358,1347,514,1,-1,-1,-1
166,4,874,299,1010,444,1,-1,-1,-1
167,5,1274,368,1330,439,1,-1,-1,-1
167,1,933,355,1207,606,1,-1,-1,-1
167,6,1129,361,1360,521,1,-1,-1,-1
167,4,874,299,1010,444,1,-1,-1,-1
168,5,1266,365,1339,441,1,-1,-1,-1
168,1,933,355,1207,606,1,-1,-1,-1
168,6,1135,365,1371,529,1,-1,-1,-1
168,4,874,299,1010,444,1,-1,-1,-1
169,5,1265,365,1340,440,1,-1,-1,-1
169,1,933,355,1207,606,1,-1,-1,-1
169,6,1133,365,1372,528,1,-1,-1,-1
169,4,874,299,1010,444,1,-1,-1,-1
170,5,1257,361,1311,418,1,-1,-1,-1
170,1,933,355,1207,606,1,-1,-1,-1
170,6,1141,370,1385,538,1,-1,-1,-1
170,4,874,299,1010,444,1,-1,-1,-1
171,5,1247,362,1299,414,1,-1,-1,-1
171,1,933,355,1207,606,1,-1,-1,-1
171,6,1149,373,1398,546,1,-1,-1,-1
171,4,874,299,1010,444,1,-1,-1,-1
172,5,1239,358,1290,406,1,-1,-1,-1
172,1,933,355,1207,606,1,-1,-1,-1
172,6,1154,378,1411,555,1,-1,-1,-1
172,4,874,299,1010,444,1,-1,-1,-1
173,5,1230,350,1279,396,1,-1,-1,-1
173,1,933,355,1207,606,1,-1,-1,-1
173,6,1164,382,1426,563,1,-1,-1,-1
173,4,874,299,1010,444,1,-1,-1,-1
174,5,1222,350,1275,396,1,-1,-1,-1
174,1,933,355,1207,606,1,-1,-1,-1
174,6,1171,387,1440,573,1,-1,-1,-1
174,4,874,299,1010,444,1,-1,-1,-1
175,5,1218,346,1265,403,1,-1,-1,-1
175,1,933,355,1207,606,1,-1,-1,-1
175,6,1179,392,1455,581,1,-1,-1,-1
175,4,874,299,1010,444,1,-1,-1,-1
176,5,1213,343,1259,409,1,-1,-1,-1
176,1,933,355,1207,606,1,-1,-1,-1
176,6,1185,397,1471,591,1,-1,-1,-1
176,4,874,299,1010,444,1,-1,-1,-1
177,5,1213,342,1258,407,1,-1,-1,-1
177,1,933,355,1207,606,1,-1,-1,-1
177,6,1186,396,1471,592,1,-1,-1,-1
177,4,874,299,1010,444,1,-1,-1,-1
178,5,1206,339,1251,411,1,-1,-1,-1
178,1,933,355,1207,606,1,-1,-1,-1
178,6,1196,402,1487,602,1,-1,-1,-1
178,4,874,299,1010,444,1,-1,-1,-1
179,5,1199,335,1244,409,1,-1,-1,-1
179,1,933,355,1207,606,1,-1,-1,-1
179,6,1205,406,1503,614,1,-1,-1,-1
179,4,874,299,1010,444,1,-1,-1,-1
180,5,1193,332,1238,405,1,-1,-1,-1
180,1,933,355,1207,606,1,-1,-1,-1
180,6,1215,414,1521,627,1,-1,-1,-1
180,4,874,299,1010,444,1,-1,-1,-1
181,5,1187,328,1230,401,1,-1,-1,-1
181,1,933,355,1207,606,1,-1,-1,-1
181,6,1224,419,1539,639,1,-1,-1,-1
181,4,874,299,1010,444,1,-1,-1,-1
182,5,1182,325,1224,398,1,-1,-1,-1
182,1,933,355,1207,606,1,-1,-1,-1
182,6,1235,424,1557,652,1,-1,-1,-1
182,4,874,299,1010,444,1,-1,-1,-1
183,5,1182,326,1223,398,1,-1,-1,-1
183,1,933,355,1207,606,1,-1,-1,-1
183,6,1235,423,1558,652,1,-1,-1,-1
183,4,874,299,1010,444,1,-1,-1,-1
184,5,1175,324,1217,395,1,-1,-1,-1
184,1,933,355,1207,606,1,-1,-1,-1
184,6,1245,431,1576,666,1,-1,-1,-1
184,4,874,299,1010,444,1,-1,-1,-1
185,5,1169,321,1210,391,1,-1,-1,-1
185,1,933,355,1207,606,1,-1,-1,-1
185,6,1256,436,1595,680,1,-1,-1,-1
185,4,874,299,1010,444,1,-1,-1,-1
186,5,1163,318,1204,387,1,-1,-1,-1
186,1,933,355,1207,606,1,-1,-1,-1
186,6,1267,443,1616,696,1,-1,-1,-1
186,4,874,299,1010,444,1,-1,-1,-1
187,5,1158,317,1199,385,1,-1,-1,-1
187,1,933,355,1207,606,1,-1,-1,-1
187,6,1280,451,1637,711,1,-1,-1,-1
187,4,874,299,1010,444,1,-1,-1,-1
188,5,1153,315,1192,382,1,-1,-1,-1
188,1,933,355,1207,606,1,-1,-1,-1
188,6,1293,460,1658,728,1,-1,-1,-1
188,4,874,299,1010,444,1,-1,-1,-1
189,5,1153,315,1192,382,1,-1,-1,-1
189,1,933,355,1207,606,1,-1,-1,-1
189,6,1285,453,1666,751,1,-1,-1,-1
189,4,874,299,1010,444,1,-1,-1,-1
190,5,1153,314,1192,382,1,-1,-1,-1
190,1,933,355,1207,606,1,-1,-1,-1
190,6,1285,456,1663,742,1,-1,-1,-1
190,4,874,299,1010,444,1,-1,-1,-1
191,5,1142,310,1181,377,1,-1,-1,-1
191,1,933,355,1207,606,1,-1,-1,-1
191,6,1311,473,1706,777,1,-1,-1,-1
191,4,874,299,1010,444,1,-1,-1,-1
192,5,1136,309,1176,373,1,-1,-1,-1
192,1,933,355,1207,606,1,-1,-1,-1
192,6,1325,481,1730,795,1,-1,-1,-1
192,4,874,299,1010,444,1,-1,-1,-1
193,5,1133,308,1169,371,1,-1,-1,-1
193,1,933,355,1207,606,1,-1,-1,-1
193,6,1340,490,1754,816,1,-1,-1,-1
193,4,874,299,1010,444,1,-1,-1,-1
194,5,1127,305,1164,368,1,-1,-1,-1
194,1,933,355,1207,606,1,-1,-1,-1
194,6,1354,500,1778,835,1,-1,-1,-1
194,4,874,299,1010,444,1,-1,-1,-1
195,5,1128,305,1164,368,1,-1,-1,-1
195,1,933,355,1207,606,1,-1,-1,-1
195,6,1354,502,1779,837,1,-1,-1,-1
195,4,874,299,1010,444,1,-1,-1,-1
196,5,1122,304,1158,366,1,-1,-1,-1
196,1,933,355,1207,606,1,-1,-1,-1
196,6,1369,512,1803,856,1,-1,-1,-1
196,4,874,299,1010,444,1,-1,-1,-1
197,5,1118,302,1153,363,1,-1,-1,-1
197,1,933,355,1207,606,1,-1,-1,-1
197,6,1385,522,1828,879,1,-1,-1,-1
197,4,874,299,1010,444,1,-1,-1,-1
198,5,1113,300,1148,361,1,-1,-1,-1
198,1,933,355,1207,606,1,-1,-1,-1
198,6,1402,533,1855,902,1,-1,-1,-1
198,4,874,299,1010,444,1,-1,-1,-1
199,5,1109,299,1143,357,1,-1,-1,-1
199,1,933,355,1207,606,1,-1,-1,-1
199,6,1419,546,1879,929,1,-1,-1,-1
199,4,874,299,1010,444,1,-1,-1,-1
200,5,1106,296,1138,356,1,-1,-1,-1
200,1,933,355,1207,606,1,-1,-1,-1
200,6,1440,557,1902,950,1,-1,-1,-1
200,4,874,299,1010,444,1,-1,-1,-1
201,5,1106,295,1137,356,1,-1,-1,-1
201,1,933,355,1207,606,1,-1,-1,-1
201,6,1439,556,1905,953,1,-1,-1,-1
201,4,874,299,1010,444,1,-1,-1,-1
202,5,1101,294,1133,353,1,-1,-1,-1
202,1,933,355,1207,606,1,-1,-1,-1
202,6,1460,570,1919,972,1,-1,-1,-1
202,4,874,299,1010,444,1,-1,-1,-1
203,5,1097,293,1128,351,1,-1,-1,-1
203,1,933,355,1207,606,1,-1,-1,-1
203,6,1478,584,1919,998,1,-1,-1,-1
203,4,874,299,1010,444,1,-1,-1,-1
204,5,1092,293,1123,350,1,-1,-1,-1
204,1,933,355,1207,606,1,-1,-1,-1
204,6,1499,596,1919,1023,1,-1,-1,-1
204,4,874,299,1010,444,1,-1,-1,-1
205,5,1087,292,1118,348,1,-1,-1,-1
205,1,933,355,1207,606,1,-1,-1,-1
205,6,1519,610,1919,1054,1,-1,-1,-1
205,4,874,299,1010,444,1,-1,-1,-1
206,5,1084,292,1114,347,1,-1,-1,-1
206,1,933,355,1207,606,1,-1,-1,-1
206,6,1544,624,1919,1074,1,-1,-1,-1
206,4,874,299,1010,444,1,-1,-1,-1
207,5,1084,291,1114,346,1,-1,-1,-1
207,1,933,355,1207,606,1,-1,-1,-1
207,6,1543,625,1919,1075,1,-1,-1,-1
207,4,874,299,1010,444,1,-1,-1,-1
208,5,1081,291,1110,344,1,-1,-1,-1
208,1,933,355,1207,606,1,-1,-1,-1
208,6,1567,639,1919,1074,1,-1,-1,-1
208,4,874,299,1010,444,1,-1,-1,-1
209,5,1077,291,1105,343,1,-1,-1,-1
209,1,933,355,1207,606,1,-1,-1,-1
209,6,1589,657,1919,1075,1,-1,-1,-1
209,4,874,299,1010,444,1,-1,-1,-1
210,5,1073,291,1101,340,1,-1,-1,-1
210,1,933,355,1207,606,1,-1,-1,-1
210,4,874,299,1010,444,1,-1,-1,-1
211,5,1070,291,1097,337,1,-1,-1,-1
211,1,933,355,1207,606,1,-1,-1,-1
211,4,874,299,1010,444,1,-1,-1,-1
212,5,1068,291,1094,336,1,-1,-1,-1
212,1,933,355,1207,606,1,-1,-1,-1
212,4,874,299,1010,444,1,-1,-1,-1
213,5,1068,291,1093,335,1,-1,-1,-1
213,1,933,355,1207,606,1,-1,-1,-1
213,4,874,299,1010,444,1,-1,-1,-1
214,5,1064,290,1089,333,1,-1,-1,-1
214,1,933,355,1207,606,1,-1,-1,-1
214,4,874,299,1010,444,1,-1,-1,-1
215,5,1060,290,1085,331,1,-1,-1,-1
215,1,933,355,1207,606,1,-1,-1,-1
215,4,874,299,1010,444,1,-1,-1,-1
216,5,1057,290,1083,330,1,-1,-1,-1
216,1,933,355,1207,606,1,-1,-1,-1
216,4,874,299,1010,444,1,-1,-1,-1
217,5,1053,289,1078,328,1,-1,-1,-1
217,1,933,355,1207,606,1,-1,-1,-1
217,4,874,299,1010,444,1,-1,-1,-1
218,5,1053,290,1076,327,1,-1,-1,-1
218,1,933,355,1207,606,1,-1,-1,-1
218,4,874,299,1010,444,1,-1,-1,-1
219,5,1053,290,1074,325,1,-1,-1,-1
219,1,933,355,1207,606,1,-1,-1,-1
219,4,874,299,1010,444,1,-1,-1,-1
220,5,1051,290,1071,325,1,-1,-1,-1
220,1,933,355,1207,606,1,-1,-1,-1
220,4,874,299,1010,444,1,-1,-1,-1
221,1,933,355,1207,606,1,-1,-1,-1
221,4,874,299,1010,444,1,-1,-1,-1
222,1,933,355,1207,606,1,-1,-1,-1
222,4,874,299,1010,444,1,-1,-1,-1
223,1,933,355,1207,606,1,-1,-1,-1
223,4,874,299,1010,444,1,-1,-1,-1
224,1,933,355,1207,606,1,-1,-1,-1
224,4,874,299,1010,444,1,-1,-1,-1
225,1,933,355,1207,606,1,-1,-1,-1
225,4,874,299,1010,444,1,-1,-1,-1
226,1,933,355,1207,606,1,-1,-1,-1
226,4,874,299,1010,444,1,-1,-1,-1
227,1,933,355,1207,606,1,-1,-1,-1
227,4,874,299,1010,444,1,-1,-1,-1
228,1,933,355,1207,606,1,-1,-1,-1
228,4,874,299,1010,444,1,-1,-1,-1
229,1,933,355,1207,606,1,-1,-1,-1
229,4,874,299,1010,444,1,-1,-1,-1
230,1,933,355,1207,606,1,-1,-1,-1
230,4,874,299,1010,444,1,-1,-1,-1
231,1,933,355,1207,606,1,-1,-1,-1
231,4,874,299,1010,444,1,-1,-1,-1
232,1,933,355,1207,606,1,-1,-1,-1
232,4,874,299,1010,444,1,-1,-1,-1
233,1,933,355,1207,606,1,-1,-1,-1
233,4,874,299,1010,444,1,-1,-1,-1
234,1,933,355,1207,606,1,-1,-1,-1
234,4,874,299,1010,444,1,-1,-1,-1
235,1,933,355,1207,606,1,-1,-1,-1
235,4,874,299,1010,444,1,-1,-1,-1
236,1,933,355,1207,606,1,-1,-1,-1
236,7,974,284,1095,368,1,-1,-1,-1
236,4,874,299,1010,444,1,-1,-1,-1
237,1,935,356,1210,602,1,-1,-1,-1
237,7,974,287,1095,365,1,-1,-1,-1
237,4,874,299,1010,444,1,-1,-1,-1
238,1,937,355,1211,602,1,-1,-1,-1
238,7,975,287,1098,366,1,-1,-1,-1
238,4,874,299,1010,444,1,-1,-1,-1
239,1,937,355,1213,602,1,-1,-1,-1
239,7,977,288,1102,368,1,-1,-1,-1
239,4,874,299,1010,444,1,-1,-1,-1
240,1,938,355,1214,603,1,-1,-1,-1
240,7,977,287,1105,368,1,-1,-1,-1
240,4,874,299,1010,444,1,-1,-1,-1
241,1,939,355,1216,603,1,-1,-1,-1
241,7,980,287,1111,370,1,-1,-1,-1
241,4,874,299,1010,444,1,-1,-1,-1
242,1,938,357,1217,604,1,-1,-1,-1
242,7,981,289,1114,373,1,-1,-1,-1
242,4,874,299,1010,444,1,-1,-1,-1
243,1,937,356,1216,605,1,-1,-1,-1
243,7,982,289,1114,372,1,-1,-1,-1
243,4,874,299,1010,444,1,-1,-1,-1
244,1,939,356,1218,605,1,-1,-1,-1
244,7,983,289,1119,374,1,-1,-1,-1
244,4,874,299,1010,444,1,-1,-1,-1
245,1,939,357,1219,606,1,-1,-1,-1
245,7,986,291,1122,377,1,-1,-1,-1
245,4,874,299,1010,444,1,-1,-1,-1
246,1,939,358,1220,607,1,-1,-1,-1
246,7,990,293,1127,379,1,-1,-1,-1
246,4,874,299,1010,444,1,-1,-1,-1
247,1,942,359,1222,607,1,-1,-1,-1
247,7,994,294,1131,381,1,-1,-1,-1
247,4,874,299,1010,444,1,-1,-1,-1
248,1,941,359,1223,608,1,-1,-1,-1
248,7,998,296,1136,384,1,-1,-1,-1
248,4,874,299,1010,444,1,-1,-1,-1
249,1,941,360,1224,608,1,-1,-1,-1
249,7,995,296,1136,382,1,-1,-1,-1
249,4,874,299,1010,444,1,-1,-1,-1
250,1,941,359,1226,608,1,-1,-1,-1
250,7,1002,297,1141,387,1,-1,-1,-1
250,4,874,299,1010,444,1,-1,-1,-1
251,1,943,361,1227,611,1,-1,-1,-1
251,7,1003,298,1144,389,1,-1,-1,-1
251,4,874,299,1010,444,1,-1,-1,-1
252,1,942,361,1229,611,1,-1,-1,-1
252,7,1007,299,1149,394,1,-1,-1,-1
252,4,874,299,1010,444,1,-1,-1,-1
253,1,942,361,1230,612,1,-1,-1,-1
253,7,1010,301,1153,396,1,-1,-1,-1
253,4,874,299,1010,444,1,-1,-1,-1
254,1,943,361,1232,614,1,-1,-1,-1
254,7,1016,303,1159,400,1,-1,-1,-1
254,4,874,299,1010,444,1,-1,-1,-1
255,1,944,362,1233,614,1,-1,-1,-1
255,7,1014,303,1159,398,1,-1,-1,-1
255,4,874,299,1010,444,1,-1,-1,-1
256,1,942,362,1234,615,1,-1,-1,-1
256,7,1015,304,1164,402,1,-1,-1,-1
256,4,874,299,1010,444,1,-1,-1,-1
257,7,1015,305,1167,401,1,-1,-1,-1
257,1,944,362,1238,613,1,-1,-1,-1
257,4,874,299,1010,444,1,-1,-1,-1
258,7,1018,306,1173,405,1,-1,-1,-1
258,1,944,362,1240,613,1,-1,-1,-1
258,4,874,299,1010,444,1,-1,-1,-1
259,7,1020,308,1178,409,1,-1,-1,-1
259,1,945,363,1241,614,1,-1,-1,-1
259,4,874,299,1010,444,1,-1,-1,-1
260,7,1022,309,1183,412,1,-1,-1,-1
260,1,945,363,1243,616,1,-1,-1,-1
260,4,874,299,1010,444,1,-1,-1,-1
261,7,1023,309,1184,411,1,-1,-1,-1
261,1,946,363,1243,616,1,-1,-1,-1
261,4,874,299,1010,444,1,-1,-1,-1
262,7,1027,311,1189,417,1,-1,-1,-1
262,1,947,363,1245,617,1,-1,-1,-1
262,4,874,299,1010,444,1,-1,-1,-1
263,7,1030,312,1194,419,1,-1,-1,-1
263,1,947,364,1247,619,1,-1,-1,-1
263,4,874,299,1010,444,1,-1,-1,-1
264,7,1032,315,1200,424,1,-1,-1,-1
264,1,949,364,1249,620,1,-1,-1,-1
264,4,874,299,1010,444,1,-1,-1,-1
265,7,1032,317,1207,428,1,-1,-1,-1
265,1,949,364,1251,621,1,-1,-1,-1
265,4,874,299,1010,444,1,-1,-1,-1
266,7,1035,319,1212,432,1,-1,-1,-1
266,1,950,365,1254,622,1,-1,-1,-1
266,4,874,299,1010,444,1,-1,-1,-1
267,7,1034,318,1212,430,1,-1,-1,-1
267,1,951,365,1254,622,1,-1,-1,-1
267,4,874,299,1010,444,1,-1,-1,-1
268,7,1038,320,1218,434,1,-1,-1,-1
268,1,951,365,1256,624,1,-1,-1,-1
268,4,874,299,1010,444,1,-1,-1,-1
269,7,1043,322,1224,438,1,-1,-1,-1
269,1,953,365,1259,625,1,-1,-1,-1
269,4,874,299,1010,444,1,-1,-1,-1
270,7,1048,324,1231,443,1,-1,-1,-1
270,1,953,365,1262,626,1,-1,-1,-1
270,4,874,299,1010,444,1,-1,-1,-1
271,7,1049,324,1231,444,1,-1,-1,-1
271,1,952,366,1262,626,1,-1,-1,-1
271,4,874,299,1010,444,1,-1,-1,-1
272,7,1057,328,1243,453,1,-1,-1,-1
272,1,955,367,1266,630,1,-1,-1,-1
272,4,874,299,1010,444,1,-1,-1,-1
273,7,1054,327,1243,452,1,-1,-1,-1
273,1,955,366,1267,629,1,-1,-1,-1
273,4,874,299,1010,444,1,-1,-1,-1
274,7,1054,328,1243,452,1,-1,-1,-1
274,1,955,367,1267,630,1,-1,-1,-1
274,4,874,299,1010,444,1,-1,-1,-1
275,7,1057,330,1250,456,1,-1,-1,-1
275,1,957,367,1270,633,1,-1,-1,-1
275,4,874,299,1010,444,1,-1,-1,-1
276,7,1058,333,1263,465,1,-1,-1,-1
276,1,958,368,1275,638,1,-1,-1,-1
276,4,874,299,1010,444,1,-1,-1,-1
277,7,1056,336,1271,469,1,-1,-1,-1
277,1,963,367,1279,638,1,-1,-1,-1
277,4,874,299,1010,444,1,-1,-1,-1
278,7,1060,336,1278,473,1,-1,-1,-1
278,1,963,367,1282,640,1,-1,-1,-1
278,8,1666,546,1919,856,1,-1,-1,-1
278,4,874,299,1010,444,1,-1,-1,-1
279,7,1061,337,1279,473,1,-1,-1,-1
279,1,963,367,1283,639,1,-1,-1,-1
279,8,1663,556,1919,850,1,-1,-1,-1
279,4,874,299,1010,444,1,-1,-1,-1
280,7,1062,339,1287,477,1,-1,-1,-1
280,1,962,368,1286,643,1,-1,-1,-1
280,8,1646,554,1917,838,1,-1,-1,-1
280,4,874,299,1010,444,1,-1,-1,-1
281,7,1066,341,1294,481,1,-1,-1,-1
281,1,963,369,1290,645,1,-1,-1,-1
281,8,1629,553,1918,826,1,-1,-1,-1
281,4,874,299,1010,444,1,-1,-1,-1
282,9,975,286,1083,362,1,-1,-1,-1
282,7,1072,344,1303,487,1,-1,-1,-1
282,1,965,370,1294,648,1,-1,-1,-1
282,8,1615,550,1919,816,1,-1,-1,-1
282,4,874,299,1010,444,1,-1,-1,-1
283,9,979,287,1085,362,1,-1,-1,-1
283,7,1078,345,1310,491,1,-1,-1,-1
283,1,964,370,1297,651,1,-1,-1,-1
283,8,1600,539,1918,801,1,-1,-1,-1
283,4,874,299,1010,444,1,-1,-1,-1
284,4,874,299,1032,457,1,-1,-1,-1
284,9,980,287,1087,362,1,-1,-1,-1
284,7,1078,347,1317,496,1,-1,-1,-1
284,1,958,360,1293,639,1,-1,-1,-1
284,8,1582,536,1919,788,1,-1,-1,-1
285,9,979,287,1087,362,1,-1,-1,-1
285,7,1077,348,1319,496,1,-1,-1,-1
285,4,874,299,1032,457,1,-1,-1,-1
285,1,967,372,1301,651,1,-1,-1,-1
285,8,1585,536,1918,788,1,-1,-1,-1
286,9,981,287,1091,364,1,-1,-1,-1
286,7,1081,349,1326,502,1,-1,-1,-1
286,4,874,299,1032,457,1,-1,-1,-1
286,1,967,374,1305,654,1,-1,-1,-1
286,8,1565,529,1917,771,1,-1,-1,-1
287,9,984,288,1094,367,1,-1,-1,-1
287,7,1086,351,1333,507,1,-1,-1,-1
287,4,874,299,1032,457,1,-1,-1,-1
287,1,967,375,1308,657,1,-1,-1,-1
287,8,1552,519,1905,756,1,-1,-1,-1
288,9,986,288,1098,369,1,-1,-1,-1
288,7,1090,355,1342,512,1,-1,-1,-1
288,4,874,299,1032,457,1,-1,-1,-1
288,1,970,376,1313,660,1,-1,-1,-1
288,8,1537,510,1887,743,1,-1,-1,-1
289,9,989,289,1101,372,1,-1,-1,-1
289,7,1093,357,1351,519,1,-1,-1,-1
289,4,874,299,1032,457,1,-1,-1,-1
289,1,972,377,1317,663,1,-1,-1,-1
289,8,1522,504,1868,730,1,-1,-1,-1
290,9,991,291,1105,375,1,-1,-1,-1
290,7,1099,360,1360,525,1,-1,-1,-1
290,4,874,299,1032,457,1,-1,-1,-1
290,1,972,379,1322,666,1,-1,-1,-1
290,8,1509,496,1853,718,1,-1,-1,-1
291,9,990,291,1106,373,1,-1,-1,-1
291,7,1099,362,1360,525,1,-1,-1,-1
291,4,874,299,1032,457,1,-1,-1,-1
291,1,972,381,1323,666,1,-1,-1,-1
291,8,1507,498,1852,719,1,-1,-1,-1
292,9,993,291,1109,376,1,-1,-1,-1
292,7,1105,363,1371,531,1,-1,-1,-1
292,4,874,299,1032,457,1,-1,-1,-1
292,1,973,381,1327,669,1,-1,-1,-1
292,8,1494,487,1834,706,1,-1,-1,-1
293,9,995,292,1114,378,1,-1,-1,-1
293,7,1104,365,1379,536,1,-1,-1,-1
293,4,874,299,1032,457,1,-1,-1,-1
293,1,977,381,1330,673,1,-1,-1,-1
293,8,1481,480,1816,693,1,-1,-1,-1
294,9,996,294,1118,381,1,-1,-1,-1
294,7,1106,368,1388,544,1,-1,-1,-1
294,4,874,299,1032,457,1,-1,-1,-1
294,1,978,381,1334,673,1,-1,-1,-1
294,8,1469,474,1798,680,1,-1,-1,-1
295,9,998,295,1122,384,1,-1,-1,-1
295,7,1114,372,1399,549,1,-1,-1,-1
295,4,874,299,1032,457,1,-1,-1,-1
295,1,980,382,1339,678,1,-1,-1,-1
295,8,1457,469,1781,669,1,-1,-1,-1
296,9,1000,297,1127,387,1,-1,-1,-1
296,7,1118,374,1408,556,1,-1,-1,-1
296,4,874,299,1032,457,1,-1,-1,-1
296,1,982,385,1344,681,1,-1,-1,-1
296,8,1445,464,1763,659,1,-1,-1,-1
297,9,1002,296,1127,385,1,-1,-1,-1
297,7,1121,376,1408,556,1,-1,-1,-1
297,4,874,299,1032,457,1,-1,-1,-1
297,1,981,385,1343,682,1,-1,-1,-1
297,8,1445,464,1763,658,1,-1,-1,-1
298,9,1002,298,1132,389,1,-1,-1,-1
298,7,1128,379,1418,564,1,-1,-1,-1
298,4,874,299,1032,457,1,-1,-1,-1
298,1,983,386,1349,685,1,-1,-1,-1
298,8,1433,459,1747,647,1,-1,-1,-1
299,4,874,299,1032,457,1,-1,-1,-1
299,9,1002,299,1136,391,1,-1,-1,-1
299,7,1136,382,1423,574,1,-1,-1,-1
299,1,985,387,1354,688,1,-1,-1,-1
299,8,1420,455,1729,635,1,-1,-1,-1
300,4,874,299,1032,457,1,-1,-1,-1
300,9,1006,300,1140,392,1,-1,-1,-1
300,7,1140,386,1438,583,1,-1,-1,-1
300,1,988,389,1361,693,1,-1,-1,-1
300,8,1414,448,1714,625,1,-1,-1,-1
301,4,874,299,1032,457,1,-1,-1,-1
301,9,1007,301,1144,394,1,-1,-1,-1
301,7,1144,388,1451,588,1,-1,-1,-1
301,1,991,390,1367,698,1,-1,-1,-1
301,8,1412,443,1694,616,1,-1,-1,-1
302,4,874,299,1032,457,1,-1,-1,-1
302,9,1010,302,1150,397,1,-1,-1,-1
302,7,1149,391,1463,598,1,-1,-1,-1
302,1,993,391,1374,702,1,-1,-1,-1
302,8,1404,436,1679,606,1,-1,-1,-1
303,4,874,299,1032,457,1,-1,-1,-1
303,9,1009,302,1149,396,1,-1,-1,-1
303,7,1156,392,1460,598,1,-1,-1,-1
303,1,992,391,1373,703,1,-1,-1,-1
303,8,1403,437,1681,606,1,-1,-1,-1
304,9,1012,304,1156,399,1,-1,-1,-1
304,7,1157,395,1473,608,1,-1,-1,-1
304,1,995,394,1379,709,1,-1,-1,-1
304,4,874,299,1032,457,1,-1,-1,-1
304,8,1394,431,1664,597,1,-1,-1,-1
305,9,1015,305,1161,403,1,-1,-1,-1
305,7,1166,399,1483,615,1,-1,-1,-1
305,1,998,394,1385,714,1,-1,-1,-1
305,4,874,299,1032,457,1,-1,-1,-1
305,8,1395,426,1647,588,1,-1,-1,-1
306,9,1019,307,1166,406,1,-1,-1,-1
306,7,1173,403,1498,624,1,-1,-1,-1
306,1,1000,397,1392,719,1,-1,-1,-1
306,4,874,299,1032,457,1,-1,-1,-1
306,8,1399,419,1632,578,1,-1,-1,-1
307,9,1023,309,1172,409,1,-1,-1,-1
307,7,1183,408,1510,634,1,-1,-1,-1
307,1,1003,398,1398,725,1,-1,-1,-1
307,4,874,299,1032,457,1,-1,-1,-1
307,8,1390,416,1619,572,1,-1,-1,-1
308,9,1027,310,1178,411,1,-1,-1,-1
308,7,1190,410,1523,640,1,-1,-1,-1
308,1,1002,408,1412,747,1,-1,-1,-1
308,4,874,299,1032,457,1,-1,-1,-1
308,8,1382,410,1604,565,1,-1,-1,-1
309,9,1026,311,1176,411,1,-1,-1,-1
309,7,1183,412,1520,641,1,-1,-1,-1
309,4,874,299,1032,457,1,-1,-1,-1
309,8,1383,411,1603,564,1,-1,-1,-1
309,1,1008,405,1410,747,1,-1,-1,-1
310,9,1029,313,1182,413,1,-1,-1,-1
310,7,1198,416,1534,654,1,-1,-1,-1
310,4,874,299,1032,457,1,-1,-1,-1
310,8,1353,405,1591,556,1,-1,-1,-1
310,1,1010,408,1416,753,1,-1,-1,-1
311,9,1033,314,1188,414,1,-1,-1,-1
311,7,1209,418,1549,663,1,-1,-1,-1
311,4,874,299,1032,457,1,-1,-1,-1
311,8,1342,401,1576,549,1,-1,-1,-1
311,1,1013,410,1422,760,1,-1,-1,-1
312,9,1037,317,1194,418,1,-1,-1,-1
312,7,1220,421,1563,671,1,-1,-1,-1
312,4,874,299,1032,457,1,-1,-1,-1
312,8,1317,396,1564,540,1,-1,-1,-1
312,1,1015,412,1430,766,1,-1,-1,-1
313,9,1039,319,1199,420,1,-1,-1,-1
313,7,1229,426,1576,681,1,-1,-1,-1
313,4,874,299,1032,457,1,-1,-1,-1
313,8,1306,392,1550,533,1,-1,-1,-1
313,1,1018,416,1439,772,1,-1,-1,-1
314,9,1044,320,1206,422,1,-1,-1,-1
314,7,1240,429,1591,692,1,-1,-1,-1
314,4,874,299,1032,457,1,-1,-1,-1
314,8,1297,387,1539,524,1,-1,-1,-1
314,1,1021,416,1444,780,1,-1,-1,-1
315,9,1044,320,1206,422,1,-1,-1,-1
315,7,1242,428,1592,694,1,-1,-1,-1
315,4,874,299,1032,457,1,-1,-1,-1
315,8,1294,387,1539,529,1,-1,-1,-1
315,1,1022,416,1445,780,1,-1,-1,-1
316,9,1047,322,1212,425,1,-1,-1,-1
316,7,1233,428,1607,705,1,-1,-1,-1
316,4,874,299,1032,457,1,-1,-1,-1
316,8,1287,384,1524,499,1,-1,-1,-1
316,1,1025,419,1452,786,1,-1,-1,-1
317,9,1051,324,1218,428,1,-1,-1,-1
317,7,1253,436,1620,716,1,-1,-1,-1
317,4,874,299,1032,457,1,-1,-1,-1
317,8,1278,380,1511,489,1,-1,-1,-1
317,1,1028,420,1462,794,1,-1,-1,-1
318,9,1055,326,1224,431,1,-1,-1,-1
318,7,1267,445,1638,730,1,-1,-1,-1
318,4,874,299,1032,457,1,-1,-1,-1
318,8,1272,376,1501,483,1,-1,-1,-1
318,1,1033,422,1471,803,1,-1,-1,-1
319,9,1057,328,1228,435,1,-1,-1,-1
319,7,1282,445,1654,741,1,-1,-1,-1
319,4,874,299,1032,457,1,-1,-1,-1
319,8,1264,372,1490,479,1,-1,-1,-1
319,1,1039,422,1483,811,1,-1,-1,-1
320,9,1061,330,1237,438,1,-1,-1,-1
320,7,1295,453,1668,754,1,-1,-1,-1
320,4,874,299,1032,457,1,-1,-1,-1
320,8,1257,368,1480,478,1,-1,-1,-1
320,1,1044,424,1492,820,1,-1,-1,-1
321,9,1061,329,1237,437,1,-1,-1,-1
321,7,1293,453,1669,752,1,-1,-1,-1
321,4,874,299,1032,457,1,-1,-1,-1
321,8,1255,368,1479,480,1,-1,-1,-1
321,1,1044,422,1492,819,1,-1,-1,-1
322,9,1067,331,1240,441,1,-1,-1,-1
322,7,1302,460,1685,766,1,-1,-1,-1
322,4,874,299,1032,457,1,-1,-1,-1
322,8,1249,365,1469,481,1,-1,-1,-1
322,1,1048,428,1501,828,1,-1,-1,-1
323,9,1070,334,1249,445,1,-1,-1,-1
323,7,1314,466,1703,780,1,-1,-1,-1
323,4,874,299,1032,457,1,-1,-1,-1
323,8,1244,362,1456,482,1,-1,-1,-1
323,1,1051,432,1510,838,1,-1,-1,-1
324,9,1073,336,1260,447,1,-1,-1,-1
324,7,1327,473,1719,793,1,-1,-1,-1
324,8,1235,359,1445,477,1,-1,-1,-1
324,4,874,299,1032,457,1,-1,-1,-1
324,1,1057,433,1519,846,1,-1,-1,-1
325,9,1077,338,1268,452,1,-1,-1,-1
325,7,1340,482,1737,805,1,-1,-1,-1
325,8,1232,355,1433,473,1,-1,-1,-1
325,4,874,299,1032,457,1,-1,-1,-1
325,1,1061,435,1531,854,1,-1,-1,-1
326,9,1082,340,1275,455,1,-1,-1,-1
326,7,1360,492,1756,820,1,-1,-1,-1
326,8,1228,353,1424,469,1,-1,-1,-1
326,4,874,299,1032,457,1,-1,-1,-1
326,1,1066,441,1541,863,1,-1,-1,-1
327,9,1081,341,1277,456,1,-1,-1,-1
327,7,1371,497,1755,820,1,-1,-1,-1
327,8,1227,352,1425,471,1,-1,-1,-1
327,4,874,299,1032,457,1,-1,-1,-1
327,1,1068,440,1539,863,1,-1,-1,-1
328,9,1086,343,1282,460,1,-1,-1,-1
328,7,1376,504,1775,836,1,-1,-1,-1
328,8,1226,349,1414,462,1,-1,-1,-1
328,4,874,299,1032,457,1,-1,-1,-1
328,1,1071,443,1552,871,1,-1,-1,-1
329,9,1087,343,1284,459,1,-1,-1,-1
329,7,1375,503,1774,834,1,-1,-1,-1
329,8,1228,349,1415,460,1,-1,-1,-1
329,4,874,299,1032,457,1,-1,-1,-1
329,1,1072,445,1551,871,1,-1,-1,-1
330,9,1091,346,1291,464,1,-1,-1,-1
330,7,1395,513,1791,850,1,-1,-1,-1
330,8,1223,348,1404,455,1,-1,-1,-1
330,4,874,299,1032,457,1,-1,-1,-1
330,1,1075,447,1562,880,1,-1,-1,-1
331,9,1096,349,1300,465,1,-1,-1,-1
331,7,1404,515,1809,866,1,-1,-1,-1
331,8,1220,344,1396,452,1,-1,-1,-1
331,4,874,299,1032,457,1,-1,-1,-1
331,1,1081,448,1574,891,1,-1,-1,-1
332,9,1101,350,1311,469,1,-1,-1,-1
332,7,1417,524,1826,882,1,-1,-1,-1
332,8,1218,341,1385,446,1,-1,-1,-1
332,4,874,299,1032,457,1,-1,-1,-1
332,1,1085,453,1586,901,1,-1,-1,-1
333,9,1106,353,1318,474,1,-1,-1,-1
333,7,1430,529,1845,899,1,-1,-1,-1
333,8,1210,338,1376,443,1,-1,-1,-1
333,4,874,299,1032,457,1,-1,-1,-1
333,1,1089,453,1596,914,1,-1,-1,-1
334,9,1105,353,1319,470,1,-1,-1,-1
334,7,1437,530,1846,899,1,-1,-1,-1
334,8,1211,337,1375,442,1,-1,-1,-1
334,4,874,299,1032,457,1,-1,-1,-1
334,1,1091,453,1596,908,1,-1,-1,-1
335,9,1109,354,1329,475,1,-1,-1,-1
335,7,1448,537,1861,916,1,-1,-1,-1
335,8,1205,334,1367,440,1,-1,-1,-1
335,4,874,299,1032,457,1,-1,-1,-1
335,1,1095,459,1609,917,1,-1,-1,-1
336,9,1116,355,1339,481,1,-1,-1,-1
336,7,1460,542,1881,931,1,-1,-1,-1
336,8,1199,333,1358,436,1,-1,-1,-1
336,4,874,299,1032,457,1,-1,-1,-1
336,1,1100,460,1620,930,1,-1,-1,-1
337,9,1123,357,1348,486,1,-1,-1,-1
337,7,1471,551,1895,948,1,-1,-1,-1
337,8,1186,330,1350,430,1,-1,-1,-1
337,4,874,299,1032,457,1,-1,-1,-1
337,1,1105,464,1633,940,1,-1,-1,-1
338,9,1123,358,1348,486,1,-1,-1,-1
338,7,1473,551,1899,949,1,-1,-1,-1
338,8,1191,330,1349,430,1,-1,-1,-1
338,4,874,299,1032,457,1,-1,-1,-1
338,1,1108,462,1632,943,1,-1,-1,-1
339,9,1134,366,1369,497,1,-1,-1,-1
339,7,1501,564,1919,982,1,-1,-1,-1
339,8,1163,325,1335,426,1,-1,-1,-1
339,4,874,299,1032,457,1,-1,-1,-1
339,1,1116,472,1655,966,1,-1,-1,-1
340,9,1134,364,1371,497,1,-1,-1,-1
340,7,1499,569,1919,982,1,-1,-1,-1
340,8,1162,325,1333,428,1,-1,-1,-1
340,4,874,299,1032,457,1,-1,-1,-1
340,1,1119,474,1659,966,1,-1,-1,-1
341,9,1146,374,1390,507,1,-1,-1,-1
341,7,1533,582,1919,1020,1,-1,-1,-1
341,8,1153,321,1318,406,1,-1,-1,-1
341,4,874,299,1032,457,1,-1,-1,-1
341,1,1129,482,1680,992,1,-1,-1,-1
342,9,1152,376,1399,513,1,-1,-1,-1
342,7,1550,599,1919,1035,1,-1,-1,-1
342,8,1148,319,1309,394,1,-1,-1,-1
342,4,874,299,1032,457,1,-1,-1,-1
342,1,1137,487,1696,1005,1,-1,-1,-1
343,9,1159,379,1411,518,1,-1,-1,-1
343,7,1568,606,1919,1053,1,-1,-1,-1
343,8,1143,316,1304,392,1,-1,-1,-1
343,4,874,299,1032,457,1,-1,-1,-1
343,1,1143,492,1710,1019,1,-1,-1,-1
344,9,1164,381,1422,524,1,-1,-1,-1
344,7,1587,628,1919,1074,1,-1,-1,-1
344,8,1139,315,1296,394,1,-1,-1,-1
344,4,874,299,1032,457,1,-1,-1,-1
344,1,1148,498,1724,1032,1,-1,-1,-1
345,9,1164,380,1424,523,1,-1,-1,-1
345,7,1583,618,1919,1069,1,-1,-1,-1
345,8,1138,315,1297,396,1,-1,-1,-1
345,4,874,299,1032,457,1,-1,-1,-1
345,1,1151,496,1727,1032,1,-1,-1,-1
346,9,1171,386,1434,530,1,-1,-1,-1
346,7,1607,633,1919,1074,1,-1,-1,-1
346,8,1135,313,1288,397,1,-1,-1,-1
346,4,874,299,1032,457,1,-1,-1,-1
346,1,1156,506,1738,1044,1,-1,-1,-1
347,9,1178,387,1446,537,1,-1,-1,-1
347,7,1625,642,1919,1079,1,-1,-1,-1
347,8,1130,310,1282,398,1,-1,-1,-1
347,4,874,299,1032,457,1,-1,-1,-1
347,1,1162,507,1750,1064,1,-1,-1,-1
348,9,1185,392,1459,543,1,-1,-1,-1
348,7,1642,649,1919,1076,1,-1,-1,-1
348,8,1124,309,1277,396,1,-1,-1,-1
348,4,874,299,1032,457,1,-1,-1,-1
348,1,1172,511,1763,1076,1,-1,-1,-1
349,1,1178,515,1775,1073,1,-1,-1,-1
349,9,1190,394,1470,550,1,-1,-1,-1
349,8,1120,307,1271,392,1,-1,-1,-1
349,4,874,299,1032,457,1,-1,-1,-1
350,1,1183,523,1789,1075,1,-1,-1,-1
350,9,1198,399,1482,556,1,-1,-1,-1
350,8,1116,305,1263,389,1,-1,-1,-1
350,4,874,299,1032,457,1,-1,-1,-1
351,1,1183,522,1789,1075,1,-1,-1,-1
351,9,1198,399,1483,557,1,-1,-1,-1
351,8,1116,305,1263,388,1,-1,-1,-1
351,4,874,299,1032,457,1,-1,-1,-1
352,1,1190,532,1802,1075,1,-1,-1,-1
352,9,1204,400,1496,564,1,-1,-1,-1
352,8,1112,303,1257,386,1,-1,-1,-1
352,4,874,299,1032,457,1,-1,-1,-1
353,1,1200,537,1813,1079,1,-1,-1,-1
353,9,1213,406,1508,572,1,-1,-1,-1
353,8,1108,302,1250,383,1,-1,-1,-1
353,4,874,299,1032,457,1,-1,-1,-1
354,1,1205,544,1825,1077,1,-1,-1,-1
354,9,1220,411,1522,579,1,-1,-1,-1
354,8,1103,300,1244,380,1,-1,-1,-1
354,4,874,299,1032,457,1,-1,-1,-1
355,1,1212,550,1840,1079,1,-1,-1,-1
355,9,1228,415,1536,586,1,-1,-1,-1
355,8,1100,299,1238,377,1,-1,-1,-1
355,4,874,299,1032,457,1,-1,-1,-1
356,1,1221,555,1853,1076,1,-1,-1,-1
356,9,1238,420,1551,595,1,-1,-1,-1
356,8,1097,298,1233,375,1,-1,-1,-1
356,4,874,299,1032,457,1,-1,-1,-1
357,1,1221,553,1852,1075,1,-1,-1,-1
357,9,1238,421,1551,598,1,-1,-1,-1
357,8,1096,298,1231,376,1,-1,-1,-1
357,4,874,299,1032,457,1,-1,-1,-1
358,1,1226,563,1866,1073,1,-1,-1,-1
358,9,1246,424,1564,604,1,-1,-1,-1
358,8,1092,297,1226,373,1,-1,-1,-1
358,4,874,299,1032,457,1,-1,-1,-1
359,1,1239,570,1874,1077,1,-1,-1,-1
359,9,1255,429,1578,612,1,-1,-1,-1
359,8,1089,295,1221,370,1,-1,-1,-1
359,4,874,299,1032,457,1,-1,-1,-1
360,1,1245,579,1888,1074,1,-1,-1,-1
360,9,1263,434,1593,620,1,-1,-1,-1
360,8,1085,294,1215,368,1,-1,-1,-1
360,4,874,299,1032,457,1,-1,-1,-1
361,1,1257,584,1902,1077,1,-1,-1,-1
361,8,1083,292,1210,365,1,-1,-1,-1
361,4,874,299,1032,457,1,-1,-1,-1
361,9,1270,438,1607,628,1,-1,-1,-1
362,1,1263,592,1913,1079,1,-1,-1,-1
362,8,1079,292,1204,363,1,-1,-1,-1
362,4,874,299,1032,457,1,-1,-1,-1
362,9,1278,443,1621,638,1,-1,-1,-1
363,1,1264,593,1914,1077,1,-1,-1,-1
363,8,1079,292,1204,364,1,-1,-1,-1
363,4,874,299,1032,457,1,-1,-1,-1
363,9,1279,444,1623,639,1,-1,-1,-1
364,1,1276,599,1917,1074,1,-1,-1,-1
364,9,1289,449,1636,647,1,-1,-1,-1
364,8,1075,292,1198,362,1,-1,-1,-1
364,4,874,299,1032,457,1,-1,-1,-1
365,1,1286,607,1919,1073,1,-1,-1,-1
365,9,1299,454,1651,658,1,-1,-1,-1
365,8,1073,291,1193,360,1,-1,-1,-1
365,4,874,299,1032,457,1,-1,-1,-1
366,1,1295,614,1919,1074,1,-1,-1,-1
366,9,1309,459,1666,667,1,-1,-1,-1
366,8,1072,291,1188,358,1,-1,-1,-1
366,4,874,299,1032,457,1,-1,-1,-1
367,1,1307,622,1919,1075,1,-1,-1,-1
367,9,1319,465,1682,677,1,-1,-1,-1
367,8,1068,290,1183,355,1,-1,-1,-1
367,4,874,299,1032,457,1,-1,-1,-1
368,1,1316,630,1919,1076,1,-1,-1,-1
368,9,1332,472,1698,687,1,-1,-1,-1
368,8,1068,290,1179,353,1,-1,-1,-1
368,4,874,299,1032,457,1,-1,-1,-1
369,1,1315,632,1919,1077,1,-1,-1,-1
369,9,1333,471,1701,689,1,-1,-1,-1
369,4,874,299,1032,457,1,-1,-1,-1
370,1,1324,640,1919,1077,1,-1,-1,-1
370,9,1341,478,1716,698,1,-1,-1,-1
370,4,874,299,1032,457,1,-1,-1,-1
371,1,1335,647,1919,1079,1,-1,-1,-1
371,9,1352,483,1730,707,1,-1,-1,-1
371,4,874,299,1032,457,1,-1,-1,-1
372,1,1346,653,1918,1079,1,-1,-1,-1
372,9,1363,489,1746,717,1,-1,-1,-1
372,4,874,299,1032,457,1,-1,-1,-1
373,1,1355,665,1919,1079,1,-1,-1,-1
373,9,1376,495,1763,727,1,-1,-1,-1
373,4,874,299,1032,457,1,-1,-1,-1
374,1,1366,678,1919,1079,1,-1,-1,-1
374,9,1384,502,1779,739,1,-1,-1,-1
374,4,874,299,1032,457,1,-1,-1,-1
375,1,1366,679,1919,1077,1,-1,-1,-1
375,9,1385,502,1778,738,1,-1,-1,-1
375,4,874,299,1032,457,1,-1,-1,-1
376,1,1376,686,1917,1078,1,-1,-1,-1
376,9,1399,508,1791,747,1,-1,-1,-1
376,4,874,299,1032,457,1,-1,-1,-1
377,1,1389,697,1917,1075,1,-1,-1,-1
377,9,1411,514,1809,761,1,-1,-1,-1
377,4,874,299,1032,457,1,-1,-1,-1
378,1,1400,708,1919,1078,1,-1,-1,-1
378,9,1423,520,1825,772,1,-1,-1,-1
378,4,874,299,1032,457,1,-1,-1,-1
379,9,1435,528,1839,785,1,-1,-1,-1
379,4,874,299,1032,457,1,-1,-1,-1
380,9,1446,534,1857,797,1,-1,-1,-1
380,4,874,299,1032,457,1,-1,-1,-1
381,9,1445,534,1860,798,1,-1,-1,-1
381,4,874,299,1032,457,1,-1,-1,-1
382,9,1457,541,1874,809,1,-1,-1,-1
382,10,981,284,1128,394,1,-1,-1,-1
382,4,874,299,1032,457,1,-1,-1,-1
383,9,1471,548,1890,823,1,-1,-1,-1
383,10,982,287,1134,395,1,-1,-1,-1
383,4,874,299,1032,457,1,-1,-1,-1
384,9,1483,557,1907,839,1,-1,-1,-1
384,10,983,288,1138,397,1,-1,-1,-1
384,4,874,299,1032,457,1,-1,-1,-1
385,9,1499,566,1917,854,1,-1,-1,-1
385,10,985,287,1143,398,1,-1,-1,-1
385,4,874,299,1032,457,1,-1,-1,-1
386,9,1514,573,1919,857,1,-1,-1,-1
386,10,987,287,1147,400,1,-1,-1,-1
386,4,874,299,1032,457,1,-1,-1,-1
387,9,1511,573,1919,857,1,-1,-1,-1
387,10,988,288,1147,400,1,-1,-1,-1
387,4,874,299,1032,457,1,-1,-1,-1
388,9,1529,582,1919,865,1,-1,-1,-1
388,10,989,287,1152,400,1,-1,-1,-1
388,4,874,299,1032,457,1,-1,-1,-1
389,9,1546,591,1919,875,1,-1,-1,-1
389,10,991,288,1157,404,1,-1,-1,-1
389,4,874,299,1032,457,1,-1,-1,-1
390,9,1558,599,1919,881,1,-1,-1,-1
390,10,992,288,1161,406,1,-1,-1,-1
390,4,874,299,1032,457,1,-1,-1,-1
391,9,1570,607,1919,888,1,-1,-1,-1
391,10,995,288,1167,409,1,-1,-1,-1
391,4,874,299,1032,457,1,-1,-1,-1
392,9,1585,617,1919,905,1,-1,-1,-1
392,10,996,289,1172,412,1,-1,-1,-1
392,4,874,299,1032,457,1,-1,-1,-1
393,9,1588,617,1919,902,1,-1,-1,-1
393,10,994,289,1172,412,1,-1,-1,-1
393,4,874,299,1032,457,1,-1,-1,-1
394,9,1601,625,1919,917,1,-1,-1,-1
394,10,998,291,1177,415,1,-1,-1,-1
394,4,874,299,1032,457,1,-1,-1,-1
395,9,1618,636,1918,924,1,-1,-1,-1
395,10,1003,294,1182,419,1,-1,-1,-1
395,4,874,299,1032,457,1,-1,-1,-1
396,9,1622,637,1919,926,1,-1,-1,-1
396,10,1003,293,1182,418,1,-1,-1,-1
396,4,874,299,1032,457,1,-1,-1,-1
397,9,1636,647,1919,938,1,-1,-1,-1
397,10,1009,295,1188,422,1,-1,-1,-1
397,4,874,299,1032,457,1,-1,-1,-1
398,9,1654,657,1918,953,1,-1,-1,-1
398,10,1012,295,1192,424,1,-1,-1,-1
398,4,874,299,1032,457,1,-1,-1,-1
399,9,1668,668,1918,969,1,-1,-1,-1
399,10,1015,297,1198,427,1,-1,-1,-1
399,4,874,299,1032,457,1,-1,-1,-1
400,9,1670,668,1918,966,1,-1,-1,-1
400,10,1015,299,1199,428,1,-1,-1,-1
400,4,874,299,1032,457,1,-1,-1,-1
401,9,1686,676,1919,979,1,-1,-1,-1
401,10,1021,301,1204,431,1,-1,-1,-1
401,4,874,299,1032,457,1,-1,-1,-1
402,9,1704,687,1918,992,1,-1,-1,-1
402,10,1024,302,1210,434,1,-1,-1,-1
402,4,874,299,1032,457,1,-1,-1,-1
403,9,1721,700,1919,1010,1,-1,-1,-1
403,10,1028,303,1216,437,1,-1,-1,-1
403,4,874,299,1032,457,1,-1,-1,-1
404,9,1744,711,1919,1019,1,-1,-1,-1
404,10,1031,305,1222,440,1,-1,-1,-1
404,4,874,299,1032,457,1,-1,-1,-1
405,9,1761,721,1919,1026,1,-1,-1,-1
405,10,1036,305,1229,444,1,-1,-1,-1
405,4,874,299,1032,457,1,-1,-1,-1
406,10,1035,306,1229,444,1,-1,-1,-1
406,4,874,299,1032,457,1,-1,-1,-1
407,10,1038,307,1234,448,1,-1,-1,-1
407,4,874,299,1032,457,1,-1,-1,-1
408,10,1045,310,1247,455,1,-1,-1,-1
408,4,874,299,1032,457,1,-1,-1,-1
409,10,1050,312,1253,460,1,-1,-1,-1
409,4,874,299,1032,457,1,-1,-1,-1
410,10,1053,314,1261,463,1,-1,-1,-1
410,4,874,299,1032,457,1,-1,-1,-1
411,10,1053,314,1262,464,1,-1,-1,-1
411,4,874,299,1032,457,1,-1,-1,-1
412,10,1057,315,1269,467,1,-1,-1,-1
412,4,874,299,1032,457,1,-1,-1,-1
413,10,1061,317,1275,471,1,-1,-1,-1
413,4,874,299,1032,457,1,-1,-1,-1
414,10,1065,319,1283,476,1,-1,-1,-1
414,4,874,299,1032,457,1,-1,-1,-1
415,10,1070,321,1291,481,1,-1,-1,-1
415,4,874,299,1032,457,1,-1,-1,-1
416,10,1074,323,1299,485,1,-1,-1,-1
416,4,874,299,1032,457,1,-1,-1,-1
417,10,1073,324,1299,486,1,-1,-1,-1
417,4,874,299,1032,457,1,-1,-1,-1
418,10,1078,326,1306,491,1,-1,-1,-1
418,4,874,299,1032,457,1,-1,-1,-1
419,10,1083,328,1314,495,1,-1,-1,-1
419,4,874,299,1032,457,1,-1,-1,-1
420,10,1088,330,1323,501,1,-1,-1,-1
420,4,874,299,1032,457,1,-1,-1,-1
421,10,1092,333,1331,506,1,-1,-1,-1
421,4,874,299,1032,457,1,-1,-1,-1
422,10,1097,335,1340,511,1,-1,-1,-1
422,4,874,299,1032,457,1,-1,-1,-1
423,10,1096,335,1341,511,1,-1,-1,-1
423,4,874,299,1032,457,1,-1,-1,-1
424,10,1102,337,1349,517,1,-1,-1,-1
424,4,874,299,1032,457,1,-1,-1,-1
425,10,1107,339,1359,522,1,-1,-1,-1
425,4,874,299,1032,457,1,-1,-1,-1
426,10,1113,342,1368,528,1,-1,-1,-1
426,4,874,299,1032,457,1,-1,-1,-1
427,10,1117,345,1377,534,1,-1,-1,-1
427,4,874,299,1032,457,1,-1,-1,-1
428,10,1122,346,1386,540,1,-1,-1,-1
428,4,874,299,1032,457,1,-1,-1,-1
429,10,1123,346,1387,539,1,-1,-1,-1
429,4,874,299,1032,457,1,-1,-1,-1
430,10,1128,349,1396,546,1,-1,-1,-1
430,4,874,299,1032,457,1,-1,-1,-1
431,10,1133,350,1406,552,1,-1,-1,-1
431,4,874,299,1032,457,1,-1,-1,-1
432,10,1133,351,1407,552,1,-1,-1,-1
432,4,874,299,1032,457,1,-1,-1,-1
433,10,1139,354,1416,559,1,-1,-1,-1
433,4,874,299,1032,457,1,-1,-1,-1
434,10,1150,360,1437,573,1,-1,-1,-1
434,4,874,299,1032,457,1,-1,-1,-1
435,10,1150,357,1439,574,1,-1,-1,-1
435,4,874,299,1032,457,1,-1,-1,-1
436,10,1156,361,1449,581,1,-1,-1,-1
436,4,874,299,1032,457,1,-1,-1,-1
437,10,1162,364,1461,588,1,-1,-1,-1
437,4,874,299,1032,457,1,-1,-1,-1
438,10,1168,366,1471,595,1,-1,-1,-1
438,4,874,299,1032,457,1,-1,-1,-1
439,10,1174,370,1483,604,1,-1,-1,-1
439,4,874,299,1032,457,1,-1,-1,-1
440,10,1181,373,1495,612,1,-1,-1,-1
440,4,874,299,1032,457,1,-1,-1,-1
441,10,1181,372,1496,613,1,-1,-1,-1
441,4,874,299,1032,457,1,-1,-1,-1
442,10,1188,377,1507,621,1,-1,-1,-1
442,4,874,299,1032,457,1,-1,-1,-1
443,10,1194,379,1520,630,1,-1,-1,-1
443,4,874,299,1032,457,1,-1,-1,-1
444,10,1201,383,1533,639,1,-1,-1,-1
444,4,874,299,1032,457,1,-1,-1,-1
445,10,1208,387,1546,648,1,-1,-1,-1
445,4,874,299,1032,457,1,-1,-1,-1
446,10,1216,390,1559,658,1,-1,-1,-1
446,4,874,299,1032,457,1,-1,-1,-1
447,10,1218,391,1560,658,1,-1,-1,-1
447,4,874,299,1032,457,1,-1,-1,-1
448,10,1224,393,1574,668,1,-1,-1,-1
448,4,874,299,1032,457,1,-1,-1,-1
449,10,1231,397,1589,679,1,-1,-1,-1
449,4,874,299,1032,457,1,-1,-1,-1
450,10,1239,401,1602,691,1,-1,-1,-1
450,4,874,299,1032,457,1,-1,-1,-1
451,10,1247,406,1617,703,1,-1,-1,-1
451,4,874,299,1032,457,1,-1,-1,-1
452,10,1256,408,1632,714,1,-1,-1,-1
452,4,874,299,1032,457,1,-1,-1,-1
453,10,1255,409,1633,712,1,-1,-1,-1
453,4,874,299,1032,457,1,-1,-1,-1
454,10,1264,414,1648,726,1,-1,-1,-1
454,4,874,299,1032,457,1,-1,-1,-1
455,10,1273,419,1663,737,1,-1,-1,-1
455,4,874,299,1032,457,1,-1,-1,-1
456,10,1281,423,1678,749,1,-1,-1,-1
456,4,874,299,1032,457,1,-1,-1,-1
457,10,1289,429,1693,763,1,-1,-1,-1
457,4,874,299,1032,457,1,-1,-1,-1
458,10,1299,434,1710,775,1,-1,-1,-1
458,4,874,299,1032,457,1,-1,-1,-1
459,10,1299,433,1709,775,1,-1,-1,-1
459,4,874,299,1032,457,1,-1,-1,-1
460,10,1308,440,1725,788,1,-1,-1,-1
460,4,874,299,1032,457,1,-1,-1,-1
461,10,1318,444,1741,802,1,-1,-1,-1
461,4,874,299,1032,457,1,-1,-1,-1
462,10,1319,444,1743,804,1,-1,-1,-1
462,4,874,299,1032,457,1,-1,-1,-1
463,10,1328,450,1760,819,1,-1,-1,-1
463,4,874,299,1032,457,1,-1,-1,-1
464,10,1338,454,1777,832,1,-1,-1,-1
464,4,874,299,1032,457,1,-1,-1,-1
465,10,1348,460,1795,848,1,-1,-1,-1
465,4,874,299,1032,457,1,-1,-1,-1
466,10,1349,463,1795,849,1,-1,-1,-1
466,4,874,299,1032,457,1,-1,-1,-1
467,10,1359,469,1812,866,1,-1,-1,-1
467,4,874,299,1032,457,1,-1,-1,-1
468,10,1379,481,1844,899,1,-1,-1,-1
468,4,874,299,1032,457,1,-1,-1,-1
469,10,1389,488,1865,918,1,-1,-1,-1
469,4,874,299,1032,457,1,-1,-1,-1
470,10,1402,494,1881,935,1,-1,-1,-1
470,4,874,299,1032,457,1,-1,-1,-1
471,10,1402,492,1882,935,1,-1,-1,-1
471,4,874,299,1032,457,1,-1,-1,-1
472,10,1417,501,1898,950,1,-1,-1,-1
472,4,874,299,1032,457,1,-1,-1,-1
473,10,1428,509,1915,970,1,-1,-1,-1
473,4,874,299,1032,457,1,-1,-1,-1
474,10,1441,517,1918,987,1,-1,-1,-1
474,4,874,299,1032,457,1,-1,-1,-1
475,10,1456,525,1919,1006,1,-1,-1,-1
475,4,874,299,1032,457,1,-1,-1,-1
476,10,1469,534,1919,1025,1,-1,-1,-1
476,4,874,299,1032,457,1,-1,-1,-1
477,10,1469,532,1919,1025,1,-1,-1,-1
477,4,874,299,1032,457,1,-1,-1,-1
478,10,1467,532,1919,1025,1,-1,-1,-1
478,4,874,299,1032,457,1,-1,-1,-1
479,10,1482,543,1919,1046,1,-1,-1,-1
479,11,976,282,1089,364,1,-1,-1,-1
479,4,874,299,1032,457,1,-1,-1,-1
480,10,1510,561,1919,1074,1,-1,-1,-1
480,11,978,287,1097,362,1,-1,-1,-1
480,4,874,299,1032,457,1,-1,-1,-1
481,10,1525,572,1919,1077,1,-1,-1,-1
481,11,980,287,1100,364,1,-1,-1,-1
481,4,874,299,1032,457,1,-1,-1,-1
482,10,1540,583,1919,1078,1,-1,-1,-1
482,11,981,287,1103,366,1,-1,-1,-1
482,4,874,299,1032,457,1,-1,-1,-1
483,10,1539,582,1918,1077,1,-1,-1,-1
483,11,980,287,1104,367,1,-1,-1,-1
483,4,874,299,1032,457,1,-1,-1,-1
484,10,1555,592,1915,1075,1,-1,-1,-1
484,11,982,287,1106,368,1,-1,-1,-1
484,4,874,299,1032,457,1,-1,-1,-1
485,10,1571,602,1916,1076,1,-1,-1,-1
485,11,983,287,1109,370,1,-1,-1,-1
485,4,874,299,1032,457,1,-1,-1,-1
486,10,1589,615,1919,1073,1,-1,-1,-1
486,11,984,288,1113,373,1,-1,-1,-1
486,4,874,299,1032,457,1,-1,-1,-1
487,10,1606,627,1917,1078,1,-1,-1,-1
487,11,985,287,1116,374,1,-1,-1,-1
487,4,874,299,1032,457,1,-1,-1,-1
488,11,987,287,1120,376,1,-1,-1,-1
488,4,874,299,1032,457,1,-1,-1,-1
489,11,988,288,1120,377,1,-1,-1,-1
489,4,874,299,1032,457,1,-1,-1,-1
490,11,991,288,1122,378,1,-1,-1,-1
490,4,874,299,1032,457,1,-1,-1,-1
491,11,992,288,1125,380,1,-1,-1,-1
491,4,874,299,1032,457,1,-1,-1,-1
492,11,994,289,1129,383,1,-1,-1,-1
492,4,874,299,1032,457,1,-1,-1,-1
493,11,996,290,1133,385,1,-1,-1,-1
493,4,874,299,1032,457,1,-1,-1,-1
494,11,998,289,1137,386,1,-1,-1,-1
494,4,874,299,1032,457,1,-1,-1,-1
495,11,997,290,1137,387,1,-1,-1,-1
495,4,874,299,1032,457,1,-1,-1,-1
496,11,1000,290,1140,389,1,-1,-1,-1
496,4,874,299,1032,457,1,-1,-1,-1
497,11,1004,291,1144,392,1,-1,-1,-1
497,4,874,299,1032,457,1,-1,-1,-1
498,11,1007,292,1147,394,1,-1,-1,-1
498,4,874,299,1032,457,1,-1,-1,-1
499,11,1012,293,1152,396,1,-1,-1,-1
499,4,874,299,1032,457,1,-1,-1,-1
500,11,1014,292,1155,398,1,-1,-1,-1
500,4,874,299,1032,457,1,-1,-1,-1
501,11,1015,291,1157,398,1,-1,-1,-1
501,4,874,299,1032,457,1,-1,-1,-1
502,11,1016,293,1160,401,1,-1,-1,-1
502,4,874,299,1032,457,1,-1,-1,-1
502,12,987,289,1009,339,1,-1,-1,-1
503,11,1019,294,1164,402,1,-1,-1,-1
503,4,874,299,1032,457,1,-1,-1,-1
503,12,989,288,1010,342,1,-1,-1,-1
504,11,1022,295,1169,406,1,-1,-1,-1
504,4,874,299,1032,457,1,-1,-1,-1
504,12,990,288,1012,348,1,-1,-1,-1
505,11,1025,295,1173,407,1,-1,-1,-1
505,4,874,299,1032,457,1,-1,-1,-1
505,12,991,289,1013,356,1,-1,-1,-1
506,11,1027,296,1177,410,1,-1,-1,-1
506,4,874,299,1032,457,1,-1,-1,-1
506,12,993,291,1015,363,1,-1,-1,-1
507,11,1027,298,1177,410,1,-1,-1,-1
507,4,874,299,1032,457,1,-1,-1,-1
507,12,993,289,1015,364,1,-1,-1,-1
508,11,1030,299,1182,412,1,-1,-1,-1
508,4,874,299,1032,457,1,-1,-1,-1
508,12,994,291,1017,366,1,-1,-1,-1
509,11,1033,300,1186,415,1,-1,-1,-1
509,4,874,299,1032,457,1,-1,-1,-1
509,12,995,290,1018,368,1,-1,-1,-1
510,11,1037,301,1191,419,1,-1,-1,-1
510,4,874,299,1032,457,1,-1,-1,-1
510,12,996,293,1019,367,1,-1,-1,-1
511,11,1039,302,1196,422,1,-1,-1,-1
511,4,874,299,1032,457,1,-1,-1,-1
511,12,997,292,1020,368,1,-1,-1,-1
512,11,1042,304,1201,425,1,-1,-1,-1
512,4,874,299,1032,457,1,-1,-1,-1
512,12,996,305,1025,361,1,-1,-1,-1
513,11,1041,305,1201,424,1,-1,-1,-1
513,4,874,299,1032,457,1,-1,-1,-1
513,12,996,305,1025,359,1,-1,-1,-1
514,11,1046,306,1207,429,1,-1,-1,-1
514,4,874,299,1032,457,1,-1,-1,-1
514,12,997,306,1026,361,1,-1,-1,-1
515,11,1048,308,1214,432,1,-1,-1,-1
515,4,874,299,1032,457,1,-1,-1,-1
515,12,999,307,1029,369,1,-1,-1,-1
516,11,1052,311,1217,435,1,-1,-1,-1
516,4,874,299,1032,457,1,-1,-1,-1
516,12,1000,309,1031,371,1,-1,-1,-1
517,11,1052,312,1223,438,1,-1,-1,-1
517,4,874,299,1032,457,1,-1,-1,-1
517,12,1002,311,1034,371,1,-1,-1,-1
518,11,1058,315,1228,441,1,-1,-1,-1
518,4,874,299,1032,457,1,-1,-1,-1
518,12,1003,311,1034,373,1,-1,-1,-1
519,11,1057,315,1229,442,1,-1,-1,-1
519,4,874,299,1032,457,1,-1,-1,-1
519,12,1003,312,1035,373,1,-1,-1,-1
520,11,1058,315,1233,444,1,-1,-1,-1
520,4,874,299,1032,457,1,-1,-1,-1
520,12,1005,315,1038,374,1,-1,-1,-1
521,11,1062,318,1238,448,1,-1,-1,-1
521,4,874,299,1032,457,1,-1,-1,-1
521,12,1005,316,1038,375,1,-1,-1,-1
522,11,1061,316,1240,449,1,-1,-1,-1
522,4,874,299,1032,457,1,-1,-1,-1
522,12,1007,316,1039,377,1,-1,-1,-1
523,11,1065,319,1245,453,1,-1,-1,-1
523,4,874,299,1032,457,1,-1,-1,-1
523,12,1009,318,1041,379,1,-1,-1,-1
524,11,1070,320,1253,455,1,-1,-1,-1
524,4,874,299,1032,457,1,-1,-1,-1
524,12,1011,319,1043,380,1,-1,-1,-1
525,11,1073,324,1259,460,1,-1,-1,-1
525,4,874,299,1032,457,1,-1,-1,-1
525,12,1014,321,1046,382,1,-1,-1,-1
525,13,982,291,1010,335,1,-1,-1,-1
526,11,1073,322,1259,460,1,-1,-1,-1
526,4,874,299,1032,457,1,-1,-1,-1
526,12,1013,321,1045,383,1,-1,-1,-1
526,13,982,291,1010,335,1,-1,-1,-1
527,11,1078,325,1265,464,1,-1,-1,-1
527,4,874,299,1032,457,1,-1,-1,-1
527,12,1015,323,1048,385,1,-1,-1,-1
527,13,983,292,1012,337,1,-1,-1,-1
528,11,1081,326,1272,467,1,-1,-1,-1
528,4,874,299,1032,457,1,-1,-1,-1
528,12,1017,324,1050,388,1,-1,-1,-1
528,13,983,293,1014,339,1,-1,-1,-1
529,11,1085,328,1279,473,1,-1,-1,-1
529,4,874,299,1032,457,1,-1,-1,-1
529,12,1019,326,1053,392,1,-1,-1,-1
529,13,987,292,1015,342,1,-1,-1,-1
530,11,1089,331,1285,476,1,-1,-1,-1
530,4,874,299,1032,457,1,-1,-1,-1
530,12,1022,328,1055,393,1,-1,-1,-1
530,13,972,324,1000,377,1,-1,-1,-1
531,11,1092,332,1292,481,1,-1,-1,-1
531,4,874,299,1032,457,1,-1,-1,-1
531,12,1023,331,1058,395,1,-1,-1,-1
531,13,993,288,1022,342,1,-1,-1,-1
532,11,1093,332,1294,480,1,-1,-1,-1
532,12,1023,331,1058,393,1,-1,-1,-1
532,13,990,295,1021,345,1,-1,-1,-1
532,4,874,299,1032,457,1,-1,-1,-1
533,11,1096,334,1299,484,1,-1,-1,-1
533,12,1024,333,1060,397,1,-1,-1,-1
533,13,993,293,1022,350,1,-1,-1,-1
533,4,874,299,1032,457,1,-1,-1,-1
534,11,1102,336,1308,489,1,-1,-1,-1
534,12,1027,335,1064,400,1,-1,-1,-1
534,13,994,294,1024,353,1,-1,-1,-1
534,4,874,299,1032,457,1,-1,-1,-1
535,11,1106,339,1315,494,1,-1,-1,-1
535,12,1029,336,1067,403,1,-1,-1,-1
535,13,997,294,1027,357,1,-1,-1,-1
535,4,874,299,1032,457,1,-1,-1,-1
536,11,1115,343,1331,504,1,-1,-1,-1
536,12,1034,341,1073,409,1,-1,-1,-1
536,13,1002,295,1034,362,1,-1,-1,-1
536,4,874,299,1032,457,1,-1,-1,-1
537,11,1114,343,1332,505,1,-1,-1,-1
537,12,1034,342,1073,410,1,-1,-1,-1
537,13,1002,295,1033,363,1,-1,-1,-1
537,4,874,299,1032,457,1,-1,-1,-1
538,11,1115,343,1333,505,1,-1,-1,-1
538,12,1034,342,1073,410,1,-1,-1,-1
538,13,1002,295,1033,362,1,-1,-1,-1
538,4,874,299,1032,457,1,-1,-1,-1
539,11,1120,346,1340,509,1,-1,-1,-1
539,12,1036,344,1076,412,1,-1,-1,-1
539,13,1004,295,1035,368,1,-1,-1,-1
539,4,874,299,1032,457,1,-1,-1,-1
540,11,1124,348,1347,513,1,-1,-1,-1
540,12,1038,346,1080,416,1,-1,-1,-1
540,13,1007,295,1038,368,1,-1,-1,-1
540,4,874,299,1032,457,1,-1,-1,-1
541,11,1134,352,1366,526,1,-1,-1,-1
541,12,1044,351,1087,425,1,-1,-1,-1
541,13,1011,299,1044,370,1,-1,-1,-1
541,4,874,299,1032,457,1,-1,-1,-1
542,11,1138,355,1374,530,1,-1,-1,-1
542,12,1047,354,1090,428,1,-1,-1,-1
542,13,1014,299,1047,370,1,-1,-1,-1
542,4,874,299,1032,457,1,-1,-1,-1
543,11,1139,354,1375,530,1,-1,-1,-1
543,12,1047,354,1091,427,1,-1,-1,-1
543,13,1014,301,1048,372,1,-1,-1,-1
543,4,874,299,1032,457,1,-1,-1,-1
544,11,1144,358,1384,537,1,-1,-1,-1
544,12,1050,358,1094,431,1,-1,-1,-1
544,13,1018,300,1051,371,1,-1,-1,-1
544,4,874,299,1032,457,1,-1,-1,-1
545,11,1150,360,1393,542,1,-1,-1,-1
545,12,1053,360,1097,435,1,-1,-1,-1
545,13,1017,302,1053,376,1,-1,-1,-1
545,4,874,299,1032,457,1,-1,-1,-1
546,11,1155,363,1404,549,1,-1,-1,-1
546,12,1055,363,1103,439,1,-1,-1,-1
546,13,1019,303,1059,376,1,-1,-1,-1
546,4,874,299,1032,457,1,-1,-1,-1
547,11,1155,362,1404,548,1,-1,-1,-1
547,12,1055,362,1103,438,1,-1,-1,-1
547,13,1020,303,1059,378,1,-1,-1,-1
547,4,874,299,1032,457,1,-1,-1,-1
548,11,1161,365,1413,556,1,-1,-1,-1
548,12,1059,366,1106,442,1,-1,-1,-1
548,13,1022,304,1062,377,1,-1,-1,-1
548,4,874,299,1032,457,1,-1,-1,-1
549,11,1168,368,1424,562,1,-1,-1,-1
549,12,1062,370,1111,447,1,-1,-1,-1
549,13,1022,307,1068,379,1,-1,-1,-1
549,4,874,299,1032,457,1,-1,-1,-1
550,11,1168,368,1424,561,1,-1,-1,-1
550,12,1061,370,1111,447,1,-1,-1,-1
550,13,1024,307,1067,381,1,-1,-1,-1
550,4,874,299,1032,457,1,-1,-1,-1
551,11,1173,372,1434,569,1,-1,-1,-1
551,12,1066,373,1115,451,1,-1,-1,-1
551,13,1026,309,1072,381,1,-1,-1,-1
551,4,874,299,1032,457,1,-1,-1,-1
552,11,1185,379,1457,586,1,-1,-1,-1
552,12,1073,380,1123,461,1,-1,-1,-1
552,13,1035,310,1077,387,1,-1,-1,-1
552,14,1006,331,1040,396,1,-1,-1,-1
552,4,874,299,1032,457,1,-1,-1,-1
553,11,1193,382,1469,592,1,-1,-1,-1
553,12,1077,382,1127,467,1,-1,-1,-1
553,13,1036,314,1081,387,1,-1,-1,-1
553,14,1007,335,1043,396,1,-1,-1,-1
553,4,874,299,1032,457,1,-1,-1,-1
554,11,1199,386,1480,601,1,-1,-1,-1
554,12,1080,385,1132,471,1,-1,-1,-1
554,13,1040,315,1085,388,1,-1,-1,-1
554,14,1009,335,1046,399,1,-1,-1,-1
554,4,874,299,1032,457,1,-1,-1,-1
555,11,1199,383,1481,599,1,-1,-1,-1
555,12,1080,385,1132,472,1,-1,-1,-1
555,13,1040,315,1085,388,1,-1,-1,-1
555,14,1010,335,1046,400,1,-1,-1,-1
555,4,874,299,1032,457,1,-1,-1,-1
556,11,1206,388,1492,608,1,-1,-1,-1
556,12,1084,390,1136,478,1,-1,-1,-1
556,13,1043,317,1089,391,1,-1,-1,-1
556,14,1012,336,1049,406,1,-1,-1,-1
556,4,874,299,1032,457,1,-1,-1,-1
557,11,1213,391,1504,616,1,-1,-1,-1
557,12,1089,393,1141,485,1,-1,-1,-1
557,13,1047,318,1093,393,1,-1,-1,-1
557,14,1013,340,1054,413,1,-1,-1,-1
557,4,874,299,1032,457,1,-1,-1,-1
558,11,1222,396,1518,626,1,-1,-1,-1
558,12,1092,397,1146,490,1,-1,-1,-1
558,13,1051,319,1096,395,1,-1,-1,-1
558,14,1015,342,1058,417,1,-1,-1,-1
558,4,874,299,1032,457,1,-1,-1,-1
559,11,1221,395,1518,625,1,-1,-1,-1
559,12,1092,397,1146,490,1,-1,-1,-1
559,13,1051,320,1096,396,1,-1,-1,-1
559,14,1013,341,1058,417,1,-1,-1,-1
559,4,874,299,1032,457,1,-1,-1,-1
560,11,1227,400,1531,634,1,-1,-1,-1
560,12,1096,402,1152,497,1,-1,-1,-1
560,13,1055,321,1102,398,1,-1,-1,-1
560,14,1018,343,1063,419,1,-1,-1,-1
560,4,874,299,1032,457,1,-1,-1,-1
561,11,1235,404,1544,645,1,-1,-1,-1
561,12,1101,406,1158,502,1,-1,-1,-1
561,13,1057,323,1108,399,1,-1,-1,-1
561,14,1020,346,1066,422,1,-1,-1,-1
561,4,874,299,1032,457,1,-1,-1,-1
562,11,1243,407,1558,655,1,-1,-1,-1
562,12,1106,411,1164,509,1,-1,-1,-1
562,13,1062,325,1111,402,1,-1,-1,-1
562,14,1024,348,1070,426,1,-1,-1,-1
562,4,874,299,1032,457,1,-1,-1,-1
563,11,1243,406,1557,653,1,-1,-1,-1
563,12,1105,409,1163,507,1,-1,-1,-1
563,13,1062,325,1109,403,1,-1,-1,-1
563,14,1025,349,1070,425,1,-1,-1,-1
563,4,874,299,1032,457,1,-1,-1,-1
564,11,1251,413,1571,665,1,-1,-1,-1
564,12,1110,416,1169,516,1,-1,-1,-1
564,13,1066,326,1112,405,1,-1,-1,-1
564,14,1028,350,1075,428,1,-1,-1,-1
564,4,874,299,1032,457,1,-1,-1,-1
565,11,1260,416,1585,675,1,-1,-1,-1
565,12,1115,420,1176,523,1,-1,-1,-1
565,13,1071,328,1118,406,1,-1,-1,-1
565,14,1028,352,1079,431,1,-1,-1,-1
565,4,874,299,1032,457,1,-1,-1,-1
566,11,1268,420,1601,685,1,-1,-1,-1
566,12,1120,426,1182,532,1,-1,-1,-1
566,13,1074,329,1121,409,1,-1,-1,-1
566,14,1031,352,1084,435,1,-1,-1,-1
566,4,874,299,1032,457,1,-1,-1,-1
567,11,1276,425,1615,696,1,-1,-1,-1
567,12,1125,432,1190,539,1,-1,-1,-1
567,13,1079,331,1125,411,1,-1,-1,-1
567,14,1035,354,1089,439,1,-1,-1,-1
567,4,874,299,1032,457,1,-1,-1,-1
568,11,1277,424,1616,697,1,-1,-1,-1
568,12,1125,431,1189,539,1,-1,-1,-1
568,13,1079,332,1125,412,1,-1,-1,-1
568,14,1035,356,1088,439,1,-1,-1,-1
568,4,874,299,1032,457,1,-1,-1,-1
569,11,1293,436,1647,718,1,-1,-1,-1
569,12,1136,443,1205,556,1,-1,-1,-1
569,13,1088,335,1136,418,1,-1,-1,-1
569,14,1041,359,1099,446,1,-1,-1,-1
569,4,874,299,1032,457,1,-1,-1,-1
570,11,1306,441,1663,731,1,-1,-1,-1
570,12,1142,449,1214,565,1,-1,-1,-1
570,13,1092,335,1140,421,1,-1,-1,-1
570,14,1045,363,1103,449,1,-1,-1,-1
570,4,874,299,1032,457,1,-1,-1,-1
571,11,1306,441,1664,732,1,-1,-1,-1
571,12,1143,449,1213,566,1,-1,-1,-1
571,13,1093,336,1140,420,1,-1,-1,-1
571,14,1047,365,1103,450,1,-1,-1,-1
571,4,874,299,1032,457,1,-1,-1,-1
572,11,1317,445,1680,744,1,-1,-1,-1
572,12,1150,457,1222,575,1,-1,-1,-1
572,13,1096,339,1143,423,1,-1,-1,-1
572,14,1049,367,1107,453,1,-1,-1,-1
572,4,874,299,1032,457,1,-1,-1,-1
573,11,1327,452,1695,757,1,-1,-1,-1
573,12,1157,464,1232,585,1,-1,-1,-1
573,13,1099,341,1148,425,1,-1,-1,-1
573,14,1052,370,1111,457,1,-1,-1,-1
573,4,874,299,1032,457,1,-1,-1,-1
574,11,1327,451,1697,757,1,-1,-1,-1
574,12,1157,464,1231,586,1,-1,-1,-1
574,13,1099,343,1149,426,1,-1,-1,-1
574,14,1052,371,1112,458,1,-1,-1,-1
574,4,874,299,1032,457,1,-1,-1,-1
575,11,1337,456,1713,770,1,-1,-1,-1
575,12,1165,471,1242,595,1,-1,-1,-1
575,13,1104,344,1152,428,1,-1,-1,-1
575,14,1056,373,1116,460,1,-1,-1,-1
575,4,874,299,1032,457,1,-1,-1,-1
576,11,1349,463,1730,786,1,-1,-1,-1
576,12,1172,479,1254,606,1,-1,-1,-1
576,13,1109,346,1156,432,1,-1,-1,-1
576,14,1060,375,1121,464,1,-1,-1,-1
576,4,874,299,1032,457,1,-1,-1,-1
577,11,1370,478,1766,814,1,-1,-1,-1
577,12,1192,496,1276,630,1,-1,-1,-1
577,13,1118,351,1169,438,1,-1,-1,-1
577,14,1069,381,1131,472,1,-1,-1,-1
577,4,874,299,1032,457,1,-1,-1,-1
578,11,1371,476,1768,816,1,-1,-1,-1
578,12,1192,496,1276,631,1,-1,-1,-1
578,13,1119,351,1169,438,1,-1,-1,-1
578,14,1070,381,1131,472,1,-1,-1,-1
578,4,874,299,1032,457,1,-1,-1,-1
579,11,1380,482,1786,828,1,-1,-1,-1
579,12,1200,505,1289,643,1,-1,-1,-1
579,13,1123,353,1175,442,1,-1,-1,-1
579,14,1074,384,1136,478,1,-1,-1,-1
579,4,874,299,1032,457,1,-1,-1,-1
580,11,1381,480,1783,831,1,-1,-1,-1
580,12,1201,506,1290,641,1,-1,-1,-1
580,13,1123,353,1174,442,1,-1,-1,-1
580,14,1073,385,1136,478,1,-1,-1,-1
580,4,874,299,1032,457,1,-1,-1,-1
581,11,1392,491,1801,846,1,-1,-1,-1
581,12,1209,515,1302,660,1,-1,-1,-1
581,13,1128,356,1180,445,1,-1,-1,-1
581,14,1078,388,1140,483,1,-1,-1,-1
581,4,874,299,1032,457,1,-1,-1,-1
582,11,1421,506,1839,878,1,-1,-1,-1
582,12,1226,539,1332,689,1,-1,-1,-1
582,13,1139,360,1192,453,1,-1,-1,-1
582,14,1087,393,1151,491,1,-1,-1,-1
582,4,874,299,1032,457,1,-1,-1,-1
583,11,1434,510,1859,896,1,-1,-1,-1
583,12,1242,552,1348,708,1,-1,-1,-1
583,13,1143,363,1197,456,1,-1,-1,-1
583,14,1092,398,1157,498,1,-1,-1,-1
583,4,874,299,1032,457,1,-1,-1,-1
584,11,1448,518,1881,915,1,-1,-1,-1
584,12,1254,563,1365,724,1,-1,-1,-1
584,13,1150,366,1203,460,1,-1,-1,-1
584,14,1096,402,1162,504,1,-1,-1,-1
584,4,874,299,1032,457,1,-1,-1,-1
585,11,1446,518,1879,918,1,-1,-1,-1
585,12,1256,564,1364,724,1,-1,-1,-1
585,13,1150,366,1203,460,1,-1,-1,-1
585,14,1096,403,1162,504,1,-1,-1,-1
585,4,874,299,1032,457,1,-1,-1,-1
586,11,1447,518,1880,914,1,-1,-1,-1
586,12,1256,563,1365,723,1,-1,-1,-1
586,13,1150,366,1203,459,1,-1,-1,-1
586,14,1096,403,1162,504,1,-1,-1,-1
586,4,874,299,1032,457,1,-1,-1,-1
587,11,1462,527,1899,932,1,-1,-1,-1
587,12,1267,579,1384,743,1,-1,-1,-1
587,13,1154,369,1209,463,1,-1,-1,-1
587,14,1101,406,1168,510,1,-1,-1,-1
587,4,874,299,1032,457,1,-1,-1,-1
588,11,1477,535,1915,950,1,-1,-1,-1
588,12,1280,592,1405,764,1,-1,-1,-1
588,13,1160,372,1215,468,1,-1,-1,-1
588,14,1107,409,1174,516,1,-1,-1,-1
588,4,874,299,1032,457,1,-1,-1,-1
589,11,1493,544,1919,970,1,-1,-1,-1
589,12,1293,608,1424,786,1,-1,-1,-1
589,13,1166,374,1221,471,1,-1,-1,-1
589,14,1111,413,1180,522,1,-1,-1,-1
589,4,874,299,1032,457,1,-1,-1,-1
590,11,1510,554,1917,988,1,-1,-1,-1
590,12,1311,626,1447,810,1,-1,-1,-1
590,13,1172,376,1228,475,1,-1,-1,-1
590,14,1116,417,1186,528,1,-1,-1,-1
590,4,874,299,1032,457,1,-1,-1,-1
591,11,1521,566,1919,1005,1,-1,-1,-1
591,12,1327,643,1469,832,1,-1,-1,-1
591,13,1178,380,1233,479,1,-1,-1,-1
591,14,1121,421,1192,534,1,-1,-1,-1
591,4,874,299,1032,457,1,-1,-1,-1
592,11,1523,563,1919,1005,1,-1,-1,-1
592,12,1335,644,1470,832,1,-1,-1,-1
592,13,1178,380,1234,479,1,-1,-1,-1
592,14,1120,423,1192,535,1,-1,-1,-1
592,4,874,299,1032,457,1,-1,-1,-1
593,11,1540,578,1919,1024,1,-1,-1,-1
593,14,1123,427,1198,542,1,-1,-1,-1
593,12,1351,660,1492,855,1,-1,-1,-1
593,13,1186,382,1241,484,1,-1,-1,-1
593,4,874,299,1032,457,1,-1,-1,-1
594,11,1562,587,1919,1045,1,-1,-1,-1
594,14,1128,431,1206,549,1,-1,-1,-1
594,12,1371,679,1518,884,1,-1,-1,-1
594,13,1193,386,1248,489,1,-1,-1,-1
594,4,874,299,1032,457,1,-1,-1,-1
595,11,1579,598,1919,1063,1,-1,-1,-1
595,14,1134,436,1213,556,1,-1,-1,-1
595,12,1391,701,1545,913,1,-1,-1,-1
595,13,1200,389,1253,493,1,-1,-1,-1
595,4,874,299,1032,457,1,-1,-1,-1
596,11,1617,623,1919,1059,1,-1,-1,-1
596,14,1145,447,1229,573,1,-1,-1,-1
596,12,1438,750,1605,978,1,-1,-1,-1
596,13,1212,396,1267,503,1,-1,-1,-1
596,4,874,299,1032,457,1,-1,-1,-1
597,11,1616,625,1918,1053,1,-1,-1,-1
597,14,1145,447,1229,573,1,-1,-1,-1
597,12,1440,746,1606,978,1,-1,-1,-1
597,13,1213,396,1267,503,1,-1,-1,-1
597,4,874,299,1032,457,1,-1,-1,-1
598,11,1616,626,1919,1065,1,-1,-1,-1
598,14,1145,447,1229,573,1,-1,-1,-1
598,12,1439,748,1606,978,1,-1,-1,-1
598,13,1213,396,1268,504,1,-1,-1,-1
598,4,874,299,1032,457,1,-1,-1,-1
599,11,1636,637,1919,1034,1,-1,-1,-1
599,14,1151,453,1238,582,1,-1,-1,-1
599,12,1465,776,1638,1011,1,-1,-1,-1
599,13,1221,400,1275,507,1,-1,-1,-1
599,4,874,299,1032,457,1,-1,-1,-1
600,14,1158,459,1247,590,1,-1,-1,-1
600,12,1493,805,1672,1046,1,-1,-1,-1
600,13,1227,403,1281,513,1,-1,-1,-1
600,4,874,299,1032,457,1,-1,-1,-1
601,14,1165,465,1256,600,1,-1,-1,-1
601,12,1520,830,1708,1077,1,-1,-1,-1
601,13,1234,407,1289,518,1,-1,-1,-1
601,4,874,299,1032,457,1,-1,-1,-1
602,14,1179,477,1277,618,1,-1,-1,-1
602,12,1575,891,1777,1079,1,-1,-1,-1
602,13,1248,412,1305,529,1,-1,-1,-1
602,4,874,299,1032,457,1,-1,-1,-1
603,14,1180,478,1276,619,1,-1,-1,-1
603,12,1572,903,1782,1079,1,-1,-1,-1
603,13,1250,414,1305,526,1,-1,-1,-1
603,4,874,299,1032,457,1,-1,-1,-1
604,14,1180,478,1276,619,1,-1,-1,-1
604,12,1571,900,1780,1079,1,-1,-1,-1
604,13,1250,414,1304,527,1,-1,-1,-1
604,4,874,299,1032,457,1,-1,-1,-1
605,14,1186,486,1286,630,1,-1,-1,-1
605,13,1256,418,1313,533,1,-1,-1,-1
605,12,1596,942,1822,1079,1,-1,-1,-1
605,4,874,299,1032,457,1,-1,-1,-1
606,14,1194,494,1297,641,1,-1,-1,-1
606,13,1262,422,1321,539,1,-1,-1,-1
606,12,1624,906,1858,1079,1,-1,-1,-1
606,4,874,299,1032,457,1,-1,-1,-1
607,14,1202,502,1311,652,1,-1,-1,-1
607,13,1269,426,1328,544,1,-1,-1,-1
607,4,874,299,1032,457,1,-1,-1,-1
607,12,1650,937,1888,1079,1,-1,-1,-1
608,14,1212,510,1324,665,1,-1,-1,-1
608,13,1271,430,1336,543,1,-1,-1,-1
608,4,874,299,1032,457,1,-1,-1,-1
609,14,1222,518,1337,678,1,-1,-1,-1
609,13,1270,435,1346,542,1,-1,-1,-1
609,4,874,299,1032,457,1,-1,-1,-1
610,14,1221,517,1335,678,1,-1,-1,-1
610,13,1272,435,1346,544,1,-1,-1,-1
610,4,874,299,1032,457,1,-1,-1,-1
611,14,1242,534,1364,707,1,-1,-1,-1
611,13,1276,445,1362,545,1,-1,-1,-1
611,4,874,299,1032,457,1,-1,-1,-1
612,14,1241,533,1364,707,1,-1,-1,-1
612,13,1276,443,1363,548,1,-1,-1,-1
612,4,874,299,1032,457,1,-1,-1,-1
613,14,1252,543,1377,723,1,-1,-1,-1
613,13,1281,449,1373,555,1,-1,-1,-1
613,4,874,299,1032,457,1,-1,-1,-1
614,14,1263,552,1393,738,1,-1,-1,-1
614,13,1288,455,1384,562,1,-1,-1,-1
614,4,874,299,1032,457,1,-1,-1,-1
615,14,1275,563,1408,755,1,-1,-1,-1
615,13,1294,459,1395,566,1,-1,-1,-1
615,4,874,299,1032,457,1,-1,-1,-1
616,14,1276,565,1409,755,1,-1,-1,-1
616,13,1295,460,1397,566,1,-1,-1,-1
616,4,874,299,1032,457,1,-1,-1,-1
617,14,1287,574,1425,772,1,-1,-1,-1
617,13,1302,465,1405,579,1,-1,-1,-1
617,4,874,299,1032,457,1,-1,-1,-1
618,14,1301,588,1443,791,1,-1,-1,-1
618,13,1310,471,1413,584,1,-1,-1,-1
618,4,874,299,1032,457,1,-1,-1,-1
619,14,1314,600,1462,810,1,-1,-1,-1
619,13,1318,475,1419,592,1,-1,-1,-1
619,4,874,299,1032,457,1,-1,-1,-1
620,14,1328,614,1481,833,1,-1,-1,-1
620,13,1326,481,1430,601,1,-1,-1,-1
620,4,874,299,1032,457,1,-1,-1,-1
621,14,1344,627,1503,853,1,-1,-1,-1
621,13,1335,488,1444,612,1,-1,-1,-1
621,4,874,299,1032,457,1,-1,-1,-1
622,14,1344,626,1503,856,1,-1,-1,-1
622,13,1334,489,1445,613,1,-1,-1,-1
622,4,874,299,1032,457,1,-1,-1,-1
