1,0,21,326,366,523,1,-1,-1,-1
1,1,380,309,643,453,1,-1,-1,-1
1,2,647,273,854,380,1,-1,-1,-1
1,3,289,611,504,803,1,-1,-1,-1
1,4,984,458,1073,575,1,-1,-1,-1
1,5,1314,423,1357,488,1,-1,-1,-1
2,0,21,326,366,523,1,-1,-1,-1
2,1,380,309,643,453,1,-1,-1,-1
2,2,647,273,854,380,1,-1,-1,-1
2,3,325,603,546,781,1,-1,-1,-1
2,4,997,456,1089,563,1,-1,-1,-1
2,5,1318,422,1361,486,1,-1,-1,-1
3,0,21,326,366,523,1,-1,-1,-1
3,1,380,309,643,453,1,-1,-1,-1
3,2,647,273,854,380,1,-1,-1,-1
3,3,370,588,582,762,1,-1,-1,-1
3,4,1014,450,1096,557,1,-1,-1,-1
3,5,1323,420,1365,482,1,-1,-1,-1
4,0,21,326,366,523,1,-1,-1,-1
4,1,380,309,643,453,1,-1,-1,-1
4,2,647,273,854,380,1,-1,-1,-1
4,3,409,575,620,745,1,-1,-1,-1
4,4,1029,446,1110,550,1,-1,-1,-1
4,5,1327,417,1368,479,1,-1,-1,-1
5,0,21,326,366,523,1,-1,-1,-1
5,1,380,309,643,453,1,-1,-1,-1
5,2,647,273,854,380,1,-1,-1,-1
5,3,456,558,653,729,1,-1,-1,-1
5,4,1044,440,1121,546,1,-1,-1,-1
5,5,1332,415,1372,476,1,-1,-1,-1
6,0,21,326,366,523,1,-1,-1,-1
6,1,380,309,643,453,1,-1,-1,-1
6,2,647,273,854,380,1,-1,-1,-1
6,3,491,549,679,712,1,-1,-1,-1
6,4,1056,437,1133,538,1,-1,-1,-1
6,5,1335,414,1375,474,1,-1,-1,-1
7,0,21,326,366,523,1,-1,-1,-1
7,1,380,309,643,453,1,-1,-1,-1
7,2,647,273,854,380,1,-1,-1,-1
7,3,492,548,689,712,1,-1,-1,-1
7,4,1056,436,1134,539,1,-1,-1,-1
7,5,1335,413,1374,473,1,-1,-1,-1
8,0,21,326,366,523,1,-1,-1,-1
8,1,380,309,643,453,1,-1,-1,-1
8,2,647,273,854,380,1,-1,-1,-1
8,3,525,539,717,696,1,-1,-1,-1
8,4,1070,433,1144,531,1,-1,-1,-1
8,5,1339,411,1378,471,1,-1,-1,-1
9,0,21,326,366,523,1,-1,-1,-1
9,1,380,309,643,453,1,-1,-1,-1
9,2,647,273,854,380,1,-1,-1,-1
9,3,558,532,746,680,1,-1,-1,-1
9,4,1080,430,1154,525,1,-1,-1,-1
9,5,1343,410,1381,469,1,-1,-1,-1
10,0,21,326,366,523,1,-1,-1,-1
10,1,380,309,643,453,1,-1,-1,-1
10,2,647,273,854,380,1,-1,-1,-1
10,3,593,518,773,668,1,-1,-1,-1
10,4,1091,426,1158,519,1,-1,-1,-1
10,5,1347,408,1384,466,1,-1,-1,-1
11,0,21,326,366,523,1,-1,-1,-1
11,1,380,309,643,453,1,-1,-1,-1
11,2,647,273,854,380,1,-1,-1,-1
11,3,626,509,795,654,1,-1,-1,-1
11,4,1103,423,1168,514,1,-1,-1,-1
11,5,1350,406,1387,463,1,-1,-1,-1
12,0,21,326,366,523,1,-1,-1,-1
12,1,380,309,643,453,1,-1,-1,-1
12,2,647,273,854,380,1,-1,-1,-1
12,3,655,502,823,640,1,-1,-1,-1
12,4,1113,418,1181,509,1,-1,-1,-1
12,5,1353,404,1389,462,1,-1,-1,-1
13,0,21,326,366,523,1,-1,-1,-1
13,1,380,309,643,453,1,-1,-1,-1
13,2,647,273,854,380,1,-1,-1,-1
13,3,656,503,820,640,1,-1,-1,-1
13,4,1113,417,1181,507,1,-1,-1,-1
13,5,1353,405,1389,461,1,-1,-1,-1
14,0,21,326,366,523,1,-1,-1,-1
14,1,380,309,643,453,1,-1,-1,-1
14,2,647,273,854,380,1,-1,-1,-1
14,3,686,493,845,628,1,-1,-1,-1
14,4,1123,414,1185,502,1,-1,-1,-1
14,5,1356,404,1392,459,1,-1,-1,-1
15,0,21,326,366,523,1,-1,-1,-1
15,1,380,309,643,453,1,-1,-1,-1
15,2,647,273,854,380,1,-1,-1,-1
15,3,714,485,875,616,1,-1,-1,-1
15,4,1134,410,1194,499,1,-1,-1,-1
15,5,1359,402,1393,457,1,-1,-1,-1
16,0,21,326,366,523,1,-1,-1,-1
16,1,380,309,643,453,1,-1,-1,-1
16,2,647,273,854,380,1,-1,-1,-1
16,3,740,479,892,606,1,-1,-1,-1
16,4,1142,408,1203,492,1,-1,-1,-1
16,5,1362,401,1396,454,1,-1,-1,-1
17,0,21,326,366,523,1,-1,-1,-1
17,1,380,309,643,453,1,-1,-1,-1
17,2,647,273,854,380,1,-1,-1,-1
17,3,766,469,904,597,1,-1,-1,-1
17,4,1151,404,1211,488,1,-1,-1,-1
17,5,1364,399,1398,452,1,-1,-1,-1
18,0,21,326,366,523,1,-1,-1,-1
18,1,380,309,643,453,1,-1,-1,-1
18,2,647,273,854,380,1,-1,-1,-1
18,3,790,460,924,588,1,-1,-1,-1
18,4,1159,399,1215,483,1,-1,-1,-1
18,5,1367,399,1400,449,1,-1,-1,-1
19,0,21,326,366,523,1,-1,-1,-1
19,1,380,309,643,453,1,-1,-1,-1
19,2,647,273,854,380,1,-1,-1,-1
19,3,790,463,927,586,1,-1,-1,-1
19,4,1159,400,1217,485,1,-1,-1,-1
19,5,1366,398,1400,449,1,-1,-1,-1
20,0,21,326,366,523,1,-1,-1,-1
20,1,380,309,643,453,1,-1,-1,-1
20,2,647,273,854,380,1,-1,-1,-1
20,3,812,456,942,578,1,-1,-1,-1
20,4,1167,399,1223,480,1,-1,-1,-1
20,5,1369,398,1402,448,1,-1,-1,-1
21,0,21,326,366,523,1,-1,-1,-1
21,1,380,309,643,453,1,-1,-1,-1
21,2,647,273,854,380,1,-1,-1,-1
21,3,832,475,967,570,1,-1,-1,-1
21,4,1175,414,1221,476,1,-1,-1,-1
21,5,1372,397,1404,445,1,-1,-1,-1
22,0,21,326,366,523,1,-1,-1,-1
22,1,380,309,643,453,1,-1,-1,-1
22,2,647,273,854,380,1,-1,-1,-1
22,3,861,463,975,563,1,-1,-1,-1
22,4,1182,410,1225,474,1,-1,-1,-1
23,0,21,326,366,523,1,-1,-1,-1
23,1,380,309,643,453,1,-1,-1,-1
23,2,647,273,854,380,1,-1,-1,-1
23,3,878,457,992,554,1,-1,-1,-1
23,4,1190,407,1232,469,1,-1,-1,-1
24,0,21,326,366,523,1,-1,-1,-1
24,1,380,309,643,453,1,-1,-1,-1
24,2,647,273,854,380,1,-1,-1,-1
24,3,897,451,1007,548,1,-1,-1,-1
24,4,1197,404,1237,466,1,-1,-1,-1
25,0,21,326,366,523,1,-1,-1,-1
25,1,380,309,643,453,1,-1,-1,-1
25,2,647,273,854,380,1,-1,-1,-1
25,3,897,451,1006,548,1,-1,-1,-1
25,4,1196,404,1237,466,1,-1,-1,-1
26,0,21,326,366,523,1,-1,-1,-1
26,1,380,309,643,453,1,-1,-1,-1
26,2,647,273,854,380,1,-1,-1,-1
26,3,916,445,1021,541,1,-1,-1,-1
26,4,1203,401,1242,463,1,-1,-1,-1
27,0,21,326,366,523,1,-1,-1,-1
27,1,380,309,643,453,1,-1,-1,-1
27,2,647,273,854,380,1,-1,-1,-1
27,3,931,441,1035,533,1,-1,-1,-1
27,4,1210,399,1249,459,1,-1,-1,-1
28,0,21,326,366,523,1,-1,-1,-1
28,1,380,309,643,453,1,-1,-1,-1
28,2,647,273,854,380,1,-1,-1,-1
28,3,948,436,1049,530,1,-1,-1,-1
28,4,1216,396,1254,455,1,-1,-1,-1
29,0,21,326,366,523,1,-1,-1,-1
29,1,380,309,643,453,1,-1,-1,-1
29,2,647,273,854,380,1,-1,-1,-1
29,3,964,431,1061,522,1,-1,-1,-1
29,4,1222,394,1259,453,1,-1,-1,-1
30,0,21,326,366,523,1,-1,-1,-1
30,1,380,309,643,453,1,-1,-1,-1
30,2,647,273,854,380,1,-1,-1,-1
30,3,977,426,1074,515,1,-1,-1,-1
30,4,1227,392,1263,449,1,-1,-1,-1
31,0,21,326,366,523,1,-1,-1,-1
31,1,380,309,643,453,1,-1,-1,-1
31,2,647,273,854,380,1,-1,-1,-1
31,3,979,427,1072,517,1,-1,-1,-1
31,4,1227,392,1264,449,1,-1,-1,-1
32,0,21,326,366,523,1,-1,-1,-1
32,1,380,309,643,453,1,-1,-1,-1
32,2,647,273,854,380,1,-1,-1,-1
32,3,992,422,1086,511,1,-1,-1,-1
32,4,1232,390,1268,446,1,-1,-1,-1
33,0,21,326,366,523,1,-1,-1,-1
33,1,380,309,643,453,1,-1,-1,-1
33,2,647,273,854,380,1,-1,-1,-1
33,3,1007,418,1096,504,1,-1,-1,-1
33,4,1238,388,1273,443,1,-1,-1,-1
34,0,21,326,366,523,1,-1,-1,-1
34,1,380,309,643,453,1,-1,-1,-1
34,2,647,273,854,380,1,-1,-1,-1
34,3,1020,415,1106,499,1,-1,-1,-1
34,4,1243,387,1277,440,1,-1,-1,-1
35,0,21,326,366,523,1,-1,-1,-1
35,1,380,309,643,453,1,-1,-1,-1
35,2,647,273,854,380,1,-1,-1,-1
35,3,1033,411,1118,494,1,-1,-1,-1
35,4,1248,384,1281,436,1,-1,-1,-1
36,0,21,326,366,523,1,-1,-1,-1
36,1,380,309,643,453,1,-1,-1,-1
36,2,647,273,854,380,1,-1,-1,-1
36,3,1045,408,1126,488,1,-1,-1,-1
36,4,1253,383,1286,434,1,-1,-1,-1
37,0,21,326,366,523,1,-1,-1,-1
37,1,380,309,643,453,1,-1,-1,-1
37,2,647,273,854,380,1,-1,-1,-1
37,3,1045,407,1126,490,1,-1,-1,-1
37,4,1253,383,1286,434,1,-1,-1,-1
38,0,21,326,366,523,1,-1,-1,-1
38,1,380,309,643,453,1,-1,-1,-1
38,2,647,273,854,380,1,-1,-1,-1
38,3,1056,405,1136,484,1,-1,-1,-1
38,4,1257,381,1290,432,1,-1,-1,-1
39,0,21,326,366,523,1,-1,-1,-1
39,1,380,309,643,453,1,-1,-1,-1
39,2,647,273,854,380,1,-1,-1,-1
39,3,1068,401,1145,478,1,-1,-1,-1
39,4,1261,379,1293,430,1,-1,-1,-1
40,0,21,326,366,523,1,-1,-1,-1
40,1,380,309,643,453,1,-1,-1,-1
40,2,647,273,854,380,1,-1,-1,-1
40,3,1079,398,1154,473,1,-1,-1,-1
40,4,1266,378,1298,428,1,-1,-1,-1
41,0,21,326,366,523,1,-1,-1,-1
41,1,380,309,643,453,1,-1,-1,-1
41,2,647,273,854,380,1,-1,-1,-1
41,3,1089,412,1162,469,1,-1,-1,-1
41,4,1270,378,1301,424,1,-1,-1,-1
42,0,21,326,366,523,1,-1,-1,-1
42,1,380,309,643,453,1,-1,-1,-1
42,2,647,273,854,380,1,-1,-1,-1
42,3,1101,405,1165,467,1,-1,-1,-1
43,0,21,326,366,523,1,-1,-1,-1
43,1,380,309,643,453,1,-1,-1,-1
43,2,647,273,854,380,1,-1,-1,-1
43,3,1101,406,1165,468,1,-1,-1,-1
44,0,21,326,366,523,1,-1,-1,-1
44,1,380,309,643,453,1,-1,-1,-1
44,2,647,273,854,380,1,-1,-1,-1
44,3,1110,402,1173,462,1,-1,-1,-1
45,0,21,326,366,523,1,-1,-1,-1
45,1,380,309,643,453,1,-1,-1,-1
45,2,647,273,854,380,1,-1,-1,-1
45,3,1119,399,1180,459,1,-1,-1,-1
46,0,21,326,366,523,1,-1,-1,-1
46,1,380,309,643,453,1,-1,-1,-1
46,2,647,273,854,380,1,-1,-1,-1
46,3,1127,397,1187,455,1,-1,-1,-1
47,0,21,326,366,523,1,-1,-1,-1
47,1,380,309,643,453,1,-1,-1,-1
47,2,647,273,854,380,1,-1,-1,-1
47,3,1135,395,1194,452,1,-1,-1,-1
48,0,21,326,366,523,1,-1,-1,-1
48,1,380,309,643,453,1,-1,-1,-1
48,2,647,273,854,380,1,-1,-1,-1
48,3,1143,392,1200,449,1,-1,-1,-1
49,0,21,326,366,523,1,-1,-1,-1
49,1,380,309,643,453,1,-1,-1,-1
49,2,647,273,854,380,1,-1,-1,-1
49,3,1145,392,1201,450,1,-1,-1,-1
50,0,21,326,366,523,1,-1,-1,-1
50,1,380,309,643,453,1,-1,-1,-1
50,2,647,273,854,380,1,-1,-1,-1
50,3,1152,390,1208,446,1,-1,-1,-1
51,0,21,326,366,523,1,-1,-1,-1
51,1,380,309,643,453,1,-1,-1,-1
51,2,647,273,854,380,1,-1,-1,-1
51,3,1159,388,1213,443,1,-1,-1,-1
52,0,21,326,366,523,1,-1,-1,-1
52,1,380,309,643,453,1,-1,-1,-1
52,2,647,273,854,380,1,-1,-1,-1
52,3,1166,385,1219,439,1,-1,-1,-1
53,0,21,326,366,523,1,-1,-1,-1
53,1,380,309,643,453,1,-1,-1,-1
53,2,647,273,854,380,1,-1,-1,-1
53,3,1173,383,1224,436,1,-1,-1,-1
54,0,21,326,366,523,1,-1,-1,-1
54,1,380,309,643,453,1,-1,-1,-1
54,2,647,273,854,380,1,-1,-1,-1
54,3,1180,381,1230,433,1,-1,-1,-1
55,0,21,326,366,523,1,-1,-1,-1
55,1,380,309,643,453,1,-1,-1,-1
55,2,647,273,854,380,1,-1,-1,-1
55,3,1187,379,1235,430,1,-1,-1,-1
56,0,21,326,366,523,1,-1,-1,-1
56,1,380,309,643,453,1,-1,-1,-1
56,2,647,273,854,380,1,-1,-1,-1
56,3,1193,377,1240,427,1,-1,-1,-1
57,0,21,326,366,523,1,-1,-1,-1
57,1,380,309,643,453,1,-1,-1,-1
57,2,647,273,854,380,1,-1,-1,-1
57,3,1194,376,1241,427,1,-1,-1,-1
58,0,21,326,366,523,1,-1,-1,-1
58,1,380,309,643,453,1,-1,-1,-1
58,2,647,273,854,380,1,-1,-1,-1
58,3,1198,376,1245,424,1,-1,-1,-1
59,0,21,326,366,523,1,-1,-1,-1
59,1,380,309,643,453,1,-1,-1,-1
59,2,647,273,854,380,1,-1,-1,-1
59,3,1203,373,1250,421,1,-1,-1,-1
60,0,21,326,366,523,1,-1,-1,-1
60,1,380,309,643,453,1,-1,-1,-1
60,2,647,273,854,380,1,-1,-1,-1
60,3,1209,372,1255,419,1,-1,-1,-1
61,0,21,326,366,523,1,-1,-1,-1
61,1,380,309,643,453,1,-1,-1,-1
61,2,647,273,854,380,1,-1,-1,-1
61,3,1214,371,1259,417,1,-1,-1,-1
62,0,21,326,366,523,1,-1,-1,-1
62,1,380,309,643,453,1,-1,-1,-1
62,2,647,273,854,380,1,-1,-1,-1
63,0,21,326,366,523,1,-1,-1,-1
63,1,380,309,643,453,1,-1,-1,-1
63,2,647,273,854,380,1,-1,-1,-1
64,0,21,326,366,523,1,-1,-1,-1
64,1,380,309,643,453,1,-1,-1,-1
64,2,647,273,854,380,1,-1,-1,-1
65,0,21,326,366,523,1,-1,-1,-1
65,1,380,309,643,453,1,-1,-1,-1
65,2,647,273,854,380,1,-1,-1,-1
66,0,21,326,366,523,1,-1,-1,-1
66,1,380,309,643,453,1,-1,-1,-1
66,2,647,273,854,380,1,-1,-1,-1
67,0,21,326,366,523,1,-1,-1,-1
67,1,380,309,643,453,1,-1,-1,-1
67,2,647,273,854,380,1,-1,-1,-1
68,0,21,326,366,523,1,-1,-1,-1
68,1,380,309,643,453,1,-1,-1,-1
68,2,647,273,854,380,1,-1,-1,-1
69,0,21,326,366,523,1,-1,-1,-1
69,1,380,309,643,453,1,-1,-1,-1
69,2,647,273,854,380,1,-1,-1,-1
70,0,21,326,366,523,1,-1,-1,-1
70,1,380,309,643,453,1,-1,-1,-1
70,2,647,273,854,380,1,-1,-1,-1
71,0,21,326,366,523,1,-1,-1,-1
71,1,380,309,643,453,1,-1,-1,-1
71,2,647,273,854,380,1,-1,-1,-1
72,0,21,326,366,523,1,-1,-1,-1
72,1,380,309,643,453,1,-1,-1,-1
72,2,647,273,854,380,1,-1,-1,-1
73,0,21,326,366,523,1,-1,-1,-1
73,1,380,309,643,453,1,-1,-1,-1
73,2,647,273,854,380,1,-1,-1,-1
74,0,21,326,366,523,1,-1,-1,-1
74,1,380,309,643,453,1,-1,-1,-1
74,2,647,273,854,380,1,-1,-1,-1
75,0,21,326,366,523,1,-1,-1,-1
75,1,380,309,643,453,1,-1,-1,-1
75,2,647,273,854,380,1,-1,-1,-1
76,0,21,326,366,523,1,-1,-1,-1
76,1,380,309,643,453,1,-1,-1,-1
76,2,647,273,854,380,1,-1,-1,-1
77,0,21,326,366,523,1,-1,-1,-1
77,1,380,309,643,453,1,-1,-1,-1
77,2,647,273,854,380,1,-1,-1,-1
78,0,21,326,366,523,1,-1,-1,-1
78,1,380,309,643,453,1,-1,-1,-1
78,2,647,273,854,380,1,-1,-1,-1
79,0,21,326,366,523,1,-1,-1,-1
79,1,380,309,643,453,1,-1,-1,-1
79,2,647,273,854,380,1,-1,-1,-1
80,0,21,326,366,523,1,-1,-1,-1
80,1,380,309,643,453,1,-1,-1,-1
80,2,647,273,854,380,1,-1,-1,-1
81,0,21,326,366,523,1,-1,-1,-1
81,1,380,309,643,453,1,-1,-1,-1
81,2,647,273,854,380,1,-1,-1,-1
82,0,21,326,366,523,1,-1,-1,-1
82,1,380,309,643,453,1,-1,-1,-1
82,2,647,273,854,380,1,-1,-1,-1
83,0,21,326,366,523,1,-1,-1,-1
83,1,380,309,643,453,1,-1,-1,-1
83,2,647,273,854,380,1,-1,-1,-1
84,0,21,326,366,523,1,-1,-1,-1
84,1,380,309,643,453,1,-1,-1,-1
84,2,647,273,854,380,1,-1,-1,-1
85,0,21,326,366,523,1,-1,-1,-1
85,1,380,309,643,453,1,-1,-1,-1
85,2,647,273,854,380,1,-1,-1,-1
86,0,21,326,366,523,1,-1,-1,-1
86,1,380,309,643,453,1,-1,-1,-1
86,2,647,273,854,380,1,-1,-1,-1
87,0,21,326,366,523,1,-1,-1,-1
87,1,380,309,643,453,1,-1,-1,-1
87,2,647,273,854,380,1,-1,-1,-1
88,0,21,326,366,523,1,-1,-1,-1
88,1,380,309,643,453,1,-1,-1,-1
88,2,647,273,854,380,1,-1,-1,-1
89,0,21,326,366,523,1,-1,-1,-1
89,1,380,309,643,453,1,-1,-1,-1
89,2,647,273,854,380,1,-1,-1,-1
90,0,21,326,366,523,1,-1,-1,-1
90,1,380,309,643,453,1,-1,-1,-1
90,2,647,273,854,380,1,-1,-1,-1
91,0,21,326,366,523,1,-1,-1,-1
91,1,380,309,643,453,1,-1,-1,-1
91,2,647,273,854,380,1,-1,-1,-1
92,0,21,326,366,523,1,-1,-1,-1
92,1,380,309,643,453,1,-1,-1,-1
92,2,647,273,854,380,1,-1,-1,-1
93,0,21,326,366,523,1,-1,-1,-1
93,1,380,309,643,453,1,-1,-1,-1
93,2,647,273,854,380,1,-1,-1,-1
94,0,21,326,366,523,1,-1,-1,-1
94,1,380,309,643,453,1,-1,-1,-1
94,2,647,273,854,380,1,-1,-1,-1
95,0,21,326,366,523,1,-1,-1,-1
95,1,380,309,643,453,1,-1,-1,-1
95,2,647,273,854,380,1,-1,-1,-1
96,0,21,326,366,523,1,-1,-1,-1
96,1,380,309,643,453,1,-1,-1,-1
96,2,647,273,854,380,1,-1,-1,-1
97,0,21,326,366,523,1,-1,-1,-1
97,1,380,309,643,453,1,-1,-1,-1
97,2,647,273,854,380,1,-1,-1,-1
98,0,21,326,366,523,1,-1,-1,-1
98,1,380,309,643,453,1,-1,-1,-1
98,2,647,273,854,380,1,-1,-1,-1
99,0,21,326,366,523,1,-1,-1,-1
99,1,380,309,643,453,1,-1,-1,-1
99,2,647,273,854,380,1,-1,-1,-1
100,0,21,326,366,523,1,-1,-1,-1
100,1,380,309,643,453,1,-1,-1,-1
100,2,647,273,854,380,1,-1,-1,-1
101,0,21,326,366,523,1,-1,-1,-1
101,1,380,309,643,453,1,-1,-1,-1
101,2,647,273,854,380,1,-1,-1,-1
102,0,21,326,366,523,1,-1,-1,-1
102,1,380,309,643,453,1,-1,-1,-1
102,2,647,273,854,380,1,-1,-1,-1
103,0,21,326,366,523,1,-1,-1,-1
103,1,380,309,643,453,1,-1,-1,-1
103,2,647,273,854,380,1,-1,-1,-1
104,0,21,326,366,523,1,-1,-1,-1
104,1,380,309,643,453,1,-1,-1,-1
104,2,647,273,854,380,1,-1,-1,-1
105,0,21,326,366,523,1,-1,-1,-1
105,1,380,309,643,453,1,-1,-1,-1
105,2,647,273,854,380,1,-1,-1,-1
106,0,21,326,366,523,1,-1,-1,-1
106,1,380,309,643,453,1,-1,-1,-1
106,2,647,273,854,380,1,-1,-1,-1
107,0,21,326,366,523,1,-1,-1,-1
107,1,380,309,643,453,1,-1,-1,-1
107,2,647,273,854,380,1,-1,-1,-1
108,0,21,326,366,523,1,-1,-1,-1
108,1,380,309,643,453,1,-1,-1,-1
108,2,647,273,854,380,1,-1,-1,-1
109,0,21,326,366,523,1,-1,-1,-1
109,1,380,309,643,453,1,-1,-1,-1
109,2,647,273,854,380,1,-1,-1,-1
110,0,21,326,366,523,1,-1,-1,-1
110,1,380,309,643,453,1,-1,-1,-1
110,2,647,273,854,380,1,-1,-1,-1
111,0,21,326,366,523,1,-1,-1,-1
111,1,380,309,643,453,1,-1,-1,-1
111,2,647,273,854,380,1,-1,-1,-1
112,0,21,326,366,523,1,-1,-1,-1
112,1,380,309,643,453,1,-1,-1,-1
112,2,647,273,854,380,1,-1,-1,-1
113,0,21,326,366,523,1,-1,-1,-1
113,1,380,309,643,453,1,-1,-1,-1
113,2,647,273,854,380,1,-1,-1,-1
114,0,21,326,366,523,1,-1,-1,-1
114,1,380,309,643,453,1,-1,-1,-1
114,2,647,273,854,380,1,-1,-1,-1
115,0,21,326,366,523,1,-1,-1,-1
115,1,380,309,643,453,1,-1,-1,-1
115,2,647,273,854,380,1,-1,-1,-1
116,0,21,326,366,523,1,-1,-1,-1
116,1,380,309,643,453,1,-1,-1,-1
116,2,647,273,854,380,1,-1,-1,-1
117,0,21,326,366,523,1,-1,-1,-1
117,1,380,309,643,453,1,-1,-1,-1
117,2,647,273,854,380,1,-1,-1,-1
118,0,21,326,366,523,1,-1,-1,-1
118,1,380,309,643,453,1,-1,-1,-1
118,2,647,273,854,380,1,-1,-1,-1
119,0,21,326,366,523,1,-1,-1,-1
119,1,380,309,643,453,1,-1,-1,-1
119,2,647,273,854,380,1,-1,-1,-1
120,0,21,326,366,523,1,-1,-1,-1
120,1,380,309,643,453,1,-1,-1,-1
120,2,647,273,854,380,1,-1,-1,-1
121,0,21,326,366,523,1,-1,-1,-1
121,1,380,309,643,453,1,-1,-1,-1
121,2,647,273,854,380,1,-1,-1,-1
122,0,21,326,366,523,1,-1,-1,-1
122,1,380,309,643,453,1,-1,-1,-1
122,2,647,273,854,380,1,-1,-1,-1
123,0,21,326,366,523,1,-1,-1,-1
123,1,380,309,643,453,1,-1,-1,-1
123,2,647,273,854,380,1,-1,-1,-1
124,0,21,326,366,523,1,-1,-1,-1
124,1,380,309,643,453,1,-1,-1,-1
124,2,647,273,854,380,1,-1,-1,-1
125,0,21,326,366,523,1,-1,-1,-1
125,1,380,309,643,453,1,-1,-1,-1
125,2,647,273,854,380,1,-1,-1,-1
126,0,21,326,366,523,1,-1,-1,-1
126,1,380,309,643,453,1,-1,-1,-1
126,2,647,273,854,380,1,-1,-1,-1
127,0,21,326,366,523,1,-1,-1,-1
127,1,380,309,643,453,1,-1,-1,-1
127,2,647,273,854,380,1,-1,-1,-1
128,0,21,326,366,523,1,-1,-1,-1
128,1,380,309,643,453,1,-1,-1,-1
128,2,647,273,854,380,1,-1,-1,-1
129,0,21,326,366,523,1,-1,-1,-1
129,1,380,309,643,453,1,-1,-1,-1
129,2,647,273,854,380,1,-1,-1,-1
130,0,21,326,366,523,1,-1,-1,-1
130,1,380,309,643,453,1,-1,-1,-1
130,2,647,273,854,380,1,-1,-1,-1
131,0,21,326,366,523,1,-1,-1,-1
131,1,380,309,643,453,1,-1,-1,-1
131,2,647,273,854,380,1,-1,-1,-1
132,0,21,326,366,523,1,-1,-1,-1
132,1,380,309,643,453,1,-1,-1,-1
132,2,647,273,854,380,1,-1,-1,-1
133,0,21,326,366,523,1,-1,-1,-1
133,1,380,309,643,453,1,-1,-1,-1
133,2,647,273,854,380,1,-1,-1,-1
134,0,21,326,366,523,1,-1,-1,-1
134,1,380,309,643,453,1,-1,-1,-1
134,2,647,273,854,380,1,-1,-1,-1
135,0,21,326,366,523,1,-1,-1,-1
135,1,380,309,643,453,1,-1,-1,-1
135,2,647,273,854,380,1,-1,-1,-1
136,0,21,326,366,523,1,-1,-1,-1
136,1,380,309,643,453,1,-1,-1,-1
136,2,647,273,854,380,1,-1,-1,-1
137,0,21,326,366,523,1,-1,-1,-1
137,1,380,309,643,453,1,-1,-1,-1
137,2,647,273,854,380,1,-1,-1,-1
138,0,21,326,366,523,1,-1,-1,-1
138,1,380,309,643,453,1,-1,-1,-1
138,2,647,273,854,380,1,-1,-1,-1
139,0,21,326,366,523,1,-1,-1,-1
139,1,380,309,643,453,1,-1,-1,-1
139,2,647,273,854,380,1,-1,-1,-1
140,0,21,326,366,523,1,-1,-1,-1
140,1,380,309,643,453,1,-1,-1,-1
140,2,647,273,854,380,1,-1,-1,-1
141,0,21,326,366,523,1,-1,-1,-1
141,1,380,309,643,453,1,-1,-1,-1
141,2,647,273,854,380,1,-1,-1,-1
142,0,21,326,366,523,1,-1,-1,-1
142,1,380,309,643,453,1,-1,-1,-1
142,2,647,273,854,380,1,-1,-1,-1
143,0,21,326,366,523,1,-1,-1,-1
143,1,380,309,643,453,1,-1,-1,-1
143,2,647,273,854,380,1,-1,-1,-1
144,0,21,326,366,523,1,-1,-1,-1
144,1,380,309,643,453,1,-1,-1,-1
144,2,647,273,854,380,1,-1,-1,-1
145,0,21,326,366,523,1,-1,-1,-1
145,1,380,309,643,453,1,-1,-1,-1
145,2,647,273,854,380,1,-1,-1,-1
146,0,21,326,366,523,1,-1,-1,-1
146,1,380,309,643,453,1,-1,-1,-1
146,2,647,273,854,380,1,-1,-1,-1
147,0,21,326,366,523,1,-1,-1,-1
147,1,380,309,643,453,1,-1,-1,-1
147,2,647,273,854,380,1,-1,-1,-1
148,0,21,326,366,523,1,-1,-1,-1
148,1,380,309,643,453,1,-1,-1,-1
148,2,647,273,854,380,1,-1,-1,-1
149,0,21,326,366,523,1,-1,-1,-1
149,1,380,309,643,453,1,-1,-1,-1
149,2,647,273,854,380,1,-1,-1,-1
150,0,21,326,366,523,1,-1,-1,-1
150,1,380,309,643,453,1,-1,-1,-1
150,2,647,273,854,380,1,-1,-1,-1
151,0,21,326,366,523,1,-1,-1,-1
151,1,380,309,643,453,1,-1,-1,-1
151,2,647,273,854,380,1,-1,-1,-1
152,0,21,326,366,523,1,-1,-1,-1
152,1,380,309,643,453,1,-1,-1,-1
152,2,647,273,854,380,1,-1,-1,-1
153,0,21,326,366,523,1,-1,-1,-1
153,1,380,309,643,453,1,-1,-1,-1
153,2,647,273,854,380,1,-1,-1,-1
154,0,21,326,366,523,1,-1,-1,-1
154,1,380,309,643,453,1,-1,-1,-1
154,2,647,273,854,380,1,-1,-1,-1
155,0,21,326,366,523,1,-1,-1,-1
155,1,380,309,643,453,1,-1,-1,-1
155,2,647,273,854,380,1,-1,-1,-1
156,0,21,326,366,523,1,-1,-1,-1
156,1,380,309,643,453,1,-1,-1,-1
156,2,647,273,854,380,1,-1,-1,-1
157,0,21,326,366,523,1,-1,-1,-1
157,1,380,309,643,453,1,-1,-1,-1
157,2,647,273,854,380,1,-1,-1,-1
158,0,21,326,366,523,1,-1,-1,-1
158,1,380,309,643,453,1,-1,-1,-1
158,2,647,273,854,380,1,-1,-1,-1
159,0,21,326,366,523,1,-1,-1,-1
159,1,380,309,643,453,1,-1,-1,-1
159,2,647,273,854,380,1,-1,-1,-1
159,6,3,513,613,901,1,-1,-1,-1
160,0,21,326,366,523,1,-1,-1,-1
160,1,380,309,643,453,1,-1,-1,-1
160,2,647,273,854,380,1,-1,-1,-1
160,6,28,508,649,871,1,-1,-1,-1
161,0,21,326,366,523,1,-1,-1,-1
161,1,380,309,643,453,1,-1,-1,-1
161,2,647,273,854,380,1,-1,-1,-1
161,6,76,498,689,853,1,-1,-1,-1
162,0,21,326,366,523,1,-1,-1,-1
162,1,380,309,643,453,1,-1,-1,-1
162,2,647,273,854,380,1,-1,-1,-1
162,6,121,488,721,833,1,-1,-1,-1
163,0,21,326,366,523,1,-1,-1,-1
163,1,380,309,643,453,1,-1,-1,-1
163,2,647,273,854,380,1,-1,-1,-1
163,6,168,491,758,802,1,-1,-1,-1
164,0,21,326,366,523,1,-1,-1,-1
164,1,380,309,643,453,1,-1,-1,-1
164,2,647,273,854,380,1,-1,-1,-1
164,6,202,484,773,791,1,-1,-1,-1
165,0,21,326,366,523,1,-1,-1,-1
165,1,380,309,643,453,1,-1,-1,-1
165,2,647,273,854,380,1,-1,-1,-1
165,6,202,484,766,789,1,-1,-1,-1
166,0,21,326,366,523,1,-1,-1,-1
166,1,380,309,643,453,1,-1,-1,-1
166,2,647,273,854,380,1,-1,-1,-1
166,6,244,464,797,773,1,-1,-1,-1
167,0,21,326,366,523,1,-1,-1,-1
167,1,380,309,643,453,1,-1,-1,-1
167,2,647,273,854,380,1,-1,-1,-1
167,6,286,461,823,758,1,-1,-1,-1
168,0,21,326,366,523,1,-1,-1,-1
168,1,380,309,643,453,1,-1,-1,-1
168,2,647,273,854,380,1,-1,-1,-1
168,6,328,454,844,738,1,-1,-1,-1
169,0,21,326,366,523,1,-1,-1,-1
169,1,380,309,643,453,1,-1,-1,-1
169,2,647,273,854,380,1,-1,-1,-1
169,6,364,440,869,718,1,-1,-1,-1
170,0,21,326,366,523,1,-1,-1,-1
170,1,380,309,643,453,1,-1,-1,-1
170,2,647,273,854,380,1,-1,-1,-1
170,6,404,431,891,704,1,-1,-1,-1
171,0,21,326,366,523,1,-1,-1,-1
171,1,380,309,643,453,1,-1,-1,-1
171,2,647,273,854,380,1,-1,-1,-1
171,6,405,433,890,702,1,-1,-1,-1
172,0,21,326,366,523,1,-1,-1,-1
172,1,380,309,643,453,1,-1,-1,-1
172,2,647,273,854,380,1,-1,-1,-1
172,6,443,425,913,690,1,-1,-1,-1
173,0,21,326,366,523,1,-1,-1,-1
173,1,380,309,643,453,1,-1,-1,-1
173,2,647,273,854,380,1,-1,-1,-1
173,6,478,418,932,676,1,-1,-1,-1
174,0,21,326,366,523,1,-1,-1,-1
174,1,380,309,643,453,1,-1,-1,-1
174,2,647,273,854,380,1,-1,-1,-1
174,6,511,411,952,662,1,-1,-1,-1
175,0,21,326,366,523,1,-1,-1,-1
175,1,380,309,643,453,1,-1,-1,-1
175,2,647,273,854,380,1,-1,-1,-1
175,6,541,405,967,649,1,-1,-1,-1
176,0,21,326,366,523,1,-1,-1,-1
176,1,380,309,643,453,1,-1,-1,-1
176,2,647,273,854,380,1,-1,-1,-1
176,6,572,398,983,637,1,-1,-1,-1
177,0,21,326,366,523,1,-1,-1,-1
177,1,380,309,643,453,1,-1,-1,-1
177,2,647,273,854,380,1,-1,-1,-1
177,6,573,399,985,639,1,-1,-1,-1
178,0,21,326,366,523,1,-1,-1,-1
178,1,380,309,643,453,1,-1,-1,-1
178,2,647,273,854,380,1,-1,-1,-1
178,6,602,398,1001,626,1,-1,-1,-1
179,0,21,326,366,523,1,-1,-1,-1
179,1,380,309,643,453,1,-1,-1,-1
179,2,647,273,854,380,1,-1,-1,-1
179,6,630,396,1016,613,1,-1,-1,-1
180,0,21,326,366,523,1,-1,-1,-1
180,1,380,309,643,453,1,-1,-1,-1
180,2,647,273,854,380,1,-1,-1,-1
180,6,653,389,1032,604,1,-1,-1,-1
181,0,21,326,366,523,1,-1,-1,-1
181,1,380,309,643,453,1,-1,-1,-1
181,2,647,273,854,380,1,-1,-1,-1
181,6,683,386,1046,596,1,-1,-1,-1
182,0,21,326,366,523,1,-1,-1,-1
182,1,380,309,643,453,1,-1,-1,-1
182,2,647,273,854,380,1,-1,-1,-1
182,6,708,381,1059,584,1,-1,-1,-1
183,0,21,326,366,523,1,-1,-1,-1
183,1,380,309,643,453,1,-1,-1,-1
183,2,647,273,854,380,1,-1,-1,-1
183,6,708,381,1059,589,1,-1,-1,-1
184,0,21,326,366,523,1,-1,-1,-1
184,1,380,309,643,453,1,-1,-1,-1
184,2,647,273,854,380,1,-1,-1,-1
184,6,731,380,1072,578,1,-1,-1,-1
185,0,21,326,366,523,1,-1,-1,-1
185,1,380,309,643,453,1,-1,-1,-1
185,2,647,273,854,380,1,-1,-1,-1
185,6,754,376,1085,568,1,-1,-1,-1
186,0,21,326,366,523,1,-1,-1,-1
186,1,380,309,643,453,1,-1,-1,-1
186,2,647,273,854,380,1,-1,-1,-1
186,6,776,371,1097,560,1,-1,-1,-1
187,0,21,326,366,523,1,-1,-1,-1
187,1,380,309,643,453,1,-1,-1,-1
187,2,647,273,854,380,1,-1,-1,-1
187,6,795,369,1108,553,1,-1,-1,-1
188,0,21,326,366,523,1,-1,-1,-1
188,1,380,309,643,453,1,-1,-1,-1
188,2,647,273,854,380,1,-1,-1,-1
188,6,817,362,1119,546,1,-1,-1,-1
189,0,21,326,366,523,1,-1,-1,-1
189,1,380,309,643,453,1,-1,-1,-1
189,2,647,273,854,380,1,-1,-1,-1
189,6,815,363,1119,543,1,-1,-1,-1
190,0,21,326,366,523,1,-1,-1,-1
190,1,380,309,643,453,1,-1,-1,-1
190,2,647,273,854,380,1,-1,-1,-1
190,6,834,357,1128,538,1,-1,-1,-1
190,7,0,807,311,1079,1,-1,-1,-1
191,0,21,326,366,523,1,-1,-1,-1
191,1,380,309,643,453,1,-1,-1,-1
191,2,647,273,854,380,1,-1,-1,-1
191,6,851,355,1137,529,1,-1,-1,-1
191,7,46,789,351,1074,1,-1,-1,-1
192,0,21,326,366,523,1,-1,-1,-1
192,1,380,309,643,453,1,-1,-1,-1
192,2,647,273,854,380,1,-1,-1,-1
192,6,871,352,1147,524,1,-1,-1,-1
192,7,91,773,383,1057,1,-1,-1,-1
193,0,21,326,366,523,1,-1,-1,-1
193,1,380,309,643,453,1,-1,-1,-1
193,2,647,273,854,380,1,-1,-1,-1
193,6,888,350,1156,517,1,-1,-1,-1
193,7,135,759,424,1007,1,-1,-1,-1
194,0,21,326,366,523,1,-1,-1,-1
194,1,380,309,643,453,1,-1,-1,-1
194,2,647,273,854,380,1,-1,-1,-1
194,6,903,348,1164,512,1,-1,-1,-1
194,7,180,741,457,1012,1,-1,-1,-1
195,0,21,326,366,523,1,-1,-1,-1
195,1,380,309,643,453,1,-1,-1,-1
195,2,647,273,854,380,1,-1,-1,-1
195,6,903,347,1164,512,1,-1,-1,-1
195,7,174,742,460,1014,1,-1,-1,-1
196,0,21,326,366,523,1,-1,-1,-1
196,1,380,309,643,453,1,-1,-1,-1
196,2,647,273,854,380,1,-1,-1,-1
196,6,920,346,1173,506,1,-1,-1,-1
196,7,218,727,498,987,1,-1,-1,-1
197,0,21,326,366,523,1,-1,-1,-1
197,1,380,309,643,453,1,-1,-1,-1
197,2,647,273,854,380,1,-1,-1,-1
197,6,934,344,1181,502,1,-1,-1,-1
197,7,264,714,531,963,1,-1,-1,-1
198,0,21,326,366,523,1,-1,-1,-1
198,1,380,309,643,453,1,-1,-1,-1
198,2,647,273,854,380,1,-1,-1,-1
198,6,947,344,1189,495,1,-1,-1,-1
198,7,306,696,565,946,1,-1,-1,-1
199,0,21,326,366,523,1,-1,-1,-1
199,1,380,309,643,453,1,-1,-1,-1
199,2,647,273,854,380,1,-1,-1,-1
199,6,960,342,1196,490,1,-1,-1,-1
199,7,347,682,596,927,1,-1,-1,-1
200,0,21,326,366,523,1,-1,-1,-1
200,1,380,309,643,453,1,-1,-1,-1
200,2,647,273,854,380,1,-1,-1,-1
200,6,974,340,1203,485,1,-1,-1,-1
200,7,385,670,626,909,1,-1,-1,-1
201,0,21,326,366,523,1,-1,-1,-1
201,1,380,309,643,453,1,-1,-1,-1
201,2,647,273,854,380,1,-1,-1,-1
201,6,976,339,1204,487,1,-1,-1,-1
201,7,386,668,629,904,1,-1,-1,-1
202,0,21,326,366,523,1,-1,-1,-1
202,1,380,309,643,453,1,-1,-1,-1
202,2,647,273,854,380,1,-1,-1,-1
202,6,987,337,1210,481,1,-1,-1,-1
202,7,425,657,657,893,1,-1,-1,-1
203,0,21,326,366,523,1,-1,-1,-1
203,1,380,309,643,453,1,-1,-1,-1
203,2,647,273,854,380,1,-1,-1,-1
203,6,999,337,1217,479,1,-1,-1,-1
203,7,462,643,687,870,1,-1,-1,-1
204,0,21,326,366,523,1,-1,-1,-1
204,1,380,309,643,453,1,-1,-1,-1
204,2,647,273,854,380,1,-1,-1,-1
204,6,1012,339,1223,473,1,-1,-1,-1
204,7,497,633,715,860,1,-1,-1,-1
205,0,21,326,366,523,1,-1,-1,-1
205,1,380,309,643,453,1,-1,-1,-1
205,2,647,273,854,380,1,-1,-1,-1
205,6,1023,341,1230,469,1,-1,-1,-1
205,7,532,623,740,839,1,-1,-1,-1
206,0,21,326,366,523,1,-1,-1,-1
206,1,380,309,643,453,1,-1,-1,-1
206,2,647,273,854,380,1,-1,-1,-1
206,6,1023,342,1230,472,1,-1,-1,-1
206,7,530,620,739,835,1,-1,-1,-1
207,0,21,326,366,523,1,-1,-1,-1
207,1,380,309,643,453,1,-1,-1,-1
207,2,647,273,854,380,1,-1,-1,-1
207,6,1033,343,1236,464,1,-1,-1,-1
207,7,566,611,766,822,1,-1,-1,-1
208,0,21,326,366,523,1,-1,-1,-1
208,1,380,309,643,453,1,-1,-1,-1
208,2,647,273,854,380,1,-1,-1,-1
208,6,1045,344,1243,463,1,-1,-1,-1
208,7,597,601,788,807,1,-1,-1,-1
209,0,21,326,366,523,1,-1,-1,-1
209,1,380,309,643,453,1,-1,-1,-1
209,2,647,273,854,380,1,-1,-1,-1
209,6,1054,344,1248,456,1,-1,-1,-1
209,7,628,599,811,793,1,-1,-1,-1
210,0,21,326,366,523,1,-1,-1,-1
210,1,380,309,643,453,1,-1,-1,-1
210,2,647,273,854,380,1,-1,-1,-1
210,6,1063,345,1254,447,1,-1,-1,-1
210,7,654,589,834,778,1,-1,-1,-1
211,0,21,326,366,523,1,-1,-1,-1
211,1,380,309,643,453,1,-1,-1,-1
211,2,647,273,854,380,1,-1,-1,-1
211,6,1073,346,1260,445,1,-1,-1,-1
211,7,684,579,856,762,1,-1,-1,-1
212,0,21,326,366,523,1,-1,-1,-1
212,1,380,309,643,453,1,-1,-1,-1
212,2,647,273,854,380,1,-1,-1,-1
212,6,1072,347,1259,446,1,-1,-1,-1
212,7,684,580,854,761,1,-1,-1,-1
213,0,21,326,366,523,1,-1,-1,-1
213,1,380,309,643,453,1,-1,-1,-1
213,2,647,273,854,380,1,-1,-1,-1
213,6,1082,348,1265,440,1,-1,-1,-1
213,7,710,572,875,749,1,-1,-1,-1
214,0,21,326,366,523,1,-1,-1,-1
214,1,380,309,643,453,1,-1,-1,-1
214,2,647,273,854,380,1,-1,-1,-1
214,6,1092,349,1270,438,1,-1,-1,-1
214,7,737,563,895,737,1,-1,-1,-1
215,0,21,326,366,523,1,-1,-1,-1
215,1,380,309,643,453,1,-1,-1,-1
215,2,647,273,854,380,1,-1,-1,-1
215,6,1100,349,1275,434,1,-1,-1,-1
215,7,761,554,913,726,1,-1,-1,-1
216,0,21,326,366,523,1,-1,-1,-1
216,1,380,309,643,453,1,-1,-1,-1
216,2,647,273,854,380,1,-1,-1,-1
216,6,1108,351,1279,433,1,-1,-1,-1
216,7,785,547,931,713,1,-1,-1,-1
217,0,21,326,366,523,1,-1,-1,-1
217,1,380,309,643,453,1,-1,-1,-1
217,2,647,273,854,380,1,-1,-1,-1
217,7,809,539,948,702,1,-1,-1,-1
218,0,21,326,366,523,1,-1,-1,-1
218,1,380,309,643,453,1,-1,-1,-1
218,2,647,273,854,380,1,-1,-1,-1
218,7,807,541,947,700,1,-1,-1,-1
219,0,21,326,366,523,1,-1,-1,-1
219,1,380,309,643,453,1,-1,-1,-1
219,2,647,273,854,380,1,-1,-1,-1
219,7,830,532,964,692,1,-1,-1,-1
220,0,21,326,366,523,1,-1,-1,-1
220,1,380,309,643,453,1,-1,-1,-1
220,2,647,273,854,380,1,-1,-1,-1
220,7,850,526,980,680,1,-1,-1,-1
221,0,21,326,366,523,1,-1,-1,-1
221,1,380,309,643,453,1,-1,-1,-1
221,2,647,273,854,380,1,-1,-1,-1
221,7,871,520,999,670,1,-1,-1,-1
222,0,21,326,366,523,1,-1,-1,-1
222,1,380,309,643,453,1,-1,-1,-1
222,2,647,273,854,380,1,-1,-1,-1
222,7,890,516,1014,660,1,-1,-1,-1
222,8,912,320,969,389,1,-1,-1,-1
223,0,21,326,366,523,1,-1,-1,-1
223,1,380,309,643,453,1,-1,-1,-1
223,2,647,273,854,380,1,-1,-1,-1
223,7,909,509,1030,650,1,-1,-1,-1
223,8,904,322,964,390,1,-1,-1,-1
224,0,21,326,366,523,1,-1,-1,-1
224,1,380,309,643,453,1,-1,-1,-1
224,2,647,273,854,380,1,-1,-1,-1
224,7,908,509,1028,650,1,-1,-1,-1
224,8,927,375,962,392,1,-1,-1,-1
225,0,21,326,366,523,1,-1,-1,-1
225,1,380,309,643,453,1,-1,-1,-1
225,2,647,273,854,380,1,-1,-1,-1
225,7,926,505,1043,641,1,-1,-1,-1
225,8,897,323,957,392,1,-1,-1,-1
226,0,21,326,366,523,1,-1,-1,-1
226,1,380,309,643,453,1,-1,-1,-1
226,2,647,273,854,380,1,-1,-1,-1
226,7,943,497,1058,632,1,-1,-1,-1
226,8,890,323,950,392,1,-1,-1,-1
227,0,21,326,366,523,1,-1,-1,-1
227,1,380,309,643,453,1,-1,-1,-1
227,2,647,273,854,380,1,-1,-1,-1
227,7,960,495,1069,625,1,-1,-1,-1
227,8,882,325,944,394,1,-1,-1,-1
228,0,21,326,366,523,1,-1,-1,-1
228,1,380,309,643,453,1,-1,-1,-1
228,2,647,273,854,380,1,-1,-1,-1
228,7,974,487,1081,618,1,-1,-1,-1
228,8,879,326,935,396,1,-1,-1,-1
229,0,21,326,366,523,1,-1,-1,-1
229,1,380,309,643,453,1,-1,-1,-1
229,2,647,273,854,380,1,-1,-1,-1
229,7,988,498,1094,610,1,-1,-1,-1
229,8,866,326,929,397,1,-1,-1,-1
230,0,21,326,366,523,1,-1,-1,-1
230,1,380,309,643,453,1,-1,-1,-1
230,2,647,273,854,380,1,-1,-1,-1
230,7,990,493,1092,612,1,-1,-1,-1
230,8,871,326,929,397,1,-1,-1,-1
231,0,21,326,366,523,1,-1,-1,-1
231,1,380,309,643,453,1,-1,-1,-1
231,2,647,273,854,380,1,-1,-1,-1
231,7,1005,488,1104,604,1,-1,-1,-1
231,8,858,328,921,399,1,-1,-1,-1
232,0,21,326,366,523,1,-1,-1,-1
232,1,380,309,643,453,1,-1,-1,-1
232,2,647,273,854,380,1,-1,-1,-1
232,7,1019,483,1115,596,1,-1,-1,-1
232,8,885,331,915,398,1,-1,-1,-1
233,0,21,326,366,523,1,-1,-1,-1
233,1,380,309,643,453,1,-1,-1,-1
233,2,647,273,854,380,1,-1,-1,-1
233,7,1032,478,1125,590,1,-1,-1,-1
233,8,840,330,907,402,1,-1,-1,-1
234,0,21,326,366,523,1,-1,-1,-1
234,1,380,309,643,453,1,-1,-1,-1
234,2,647,273,854,380,1,-1,-1,-1
234,7,1044,473,1134,583,1,-1,-1,-1
234,8,831,330,899,403,1,-1,-1,-1
235,0,21,326,366,523,1,-1,-1,-1
235,1,380,309,643,453,1,-1,-1,-1
235,2,647,273,854,380,1,-1,-1,-1
235,7,1055,470,1144,576,1,-1,-1,-1
235,8,822,333,892,405,1,-1,-1,-1
236,0,21,326,366,523,1,-1,-1,-1
236,1,380,309,643,453,1,-1,-1,-1
236,2,647,273,854,380,1,-1,-1,-1
236,7,1056,470,1144,576,1,-1,-1,-1
236,8,821,334,892,404,1,-1,-1,-1
237,0,21,326,366,523,1,-1,-1,-1
237,1,380,309,643,453,1,-1,-1,-1
237,2,647,273,854,380,1,-1,-1,-1
237,7,1068,466,1153,570,1,-1,-1,-1
237,8,813,335,883,406,1,-1,-1,-1
238,0,21,326,366,523,1,-1,-1,-1
238,1,380,309,643,453,1,-1,-1,-1
238,2,647,273,854,380,1,-1,-1,-1
238,7,1079,462,1162,564,1,-1,-1,-1
238,8,805,336,876,407,1,-1,-1,-1
239,0,21,326,366,523,1,-1,-1,-1
239,1,380,309,643,453,1,-1,-1,-1
239,2,647,273,854,380,1,-1,-1,-1
239,7,1090,458,1171,559,1,-1,-1,-1
239,8,795,338,868,410,1,-1,-1,-1
240,0,21,326,366,523,1,-1,-1,-1
240,1,380,309,643,453,1,-1,-1,-1
240,2,647,273,854,380,1,-1,-1,-1
240,7,1100,454,1178,553,1,-1,-1,-1
240,8,786,339,859,411,1,-1,-1,-1
241,0,21,326,366,523,1,-1,-1,-1
241,1,380,309,643,453,1,-1,-1,-1
241,2,647,273,854,380,1,-1,-1,-1
241,7,1110,450,1186,548,1,-1,-1,-1
241,8,776,341,851,414,1,-1,-1,-1
242,0,21,326,366,523,1,-1,-1,-1
242,1,380,309,643,453,1,-1,-1,-1
242,2,647,273,854,380,1,-1,-1,-1
242,7,1110,450,1187,549,1,-1,-1,-1
242,8,777,340,852,413,1,-1,-1,-1
243,0,21,326,366,523,1,-1,-1,-1
243,1,380,309,643,453,1,-1,-1,-1
243,2,647,273,854,380,1,-1,-1,-1
243,7,1119,446,1196,543,1,-1,-1,-1
243,9,0,814,305,1079,1,-1,-1,-1
243,8,767,341,842,415,1,-1,-1,-1
244,0,21,326,366,523,1,-1,-1,-1
244,1,380,309,643,453,1,-1,-1,-1
244,2,647,273,854,380,1,-1,-1,-1
244,7,1128,444,1201,538,1,-1,-1,-1
244,9,27,795,350,1072,1,-1,-1,-1
244,8,757,342,835,419,1,-1,-1,-1
245,0,21,326,366,523,1,-1,-1,-1
245,1,380,309,643,453,1,-1,-1,-1
245,2,647,273,854,380,1,-1,-1,-1
245,7,1137,440,1210,534,1,-1,-1,-1
245,9,65,778,386,1050,1,-1,-1,-1
245,8,747,343,828,419,1,-1,-1,-1
246,0,21,326,366,523,1,-1,-1,-1
246,1,380,309,643,453,1,-1,-1,-1
246,2,647,273,854,380,1,-1,-1,-1
246,7,1146,438,1215,529,1,-1,-1,-1
246,9,110,760,421,1031,1,-1,-1,-1
246,8,736,345,817,422,1,-1,-1,-1
247,0,21,326,366,523,1,-1,-1,-1
247,1,380,309,643,453,1,-1,-1,-1
247,2,647,273,854,380,1,-1,-1,-1
247,7,1155,434,1223,524,1,-1,-1,-1
247,9,154,744,455,1029,1,-1,-1,-1
247,8,726,347,807,425,1,-1,-1,-1
248,0,21,326,366,523,1,-1,-1,-1
248,1,380,309,643,453,1,-1,-1,-1
248,2,647,273,854,380,1,-1,-1,-1
248,7,1154,434,1222,524,1,-1,-1,-1
248,9,153,746,457,1006,1,-1,-1,-1
248,8,726,347,805,424,1,-1,-1,-1
249,0,21,326,366,523,1,-1,-1,-1
249,1,380,309,643,453,1,-1,-1,-1
249,2,647,273,854,380,1,-1,-1,-1
249,7,1162,444,1223,520,1,-1,-1,-1
249,9,196,730,489,991,1,-1,-1,-1
249,8,716,349,795,426,1,-1,-1,-1
250,0,21,326,366,523,1,-1,-1,-1
250,1,380,309,643,453,1,-1,-1,-1
250,2,647,273,854,380,1,-1,-1,-1
250,7,1171,438,1227,519,1,-1,-1,-1
250,9,240,716,523,980,1,-1,-1,-1
250,8,706,353,787,428,1,-1,-1,-1
250,10,985,333,1041,405,1,-1,-1,-1
251,0,21,326,366,523,1,-1,-1,-1
251,1,380,309,643,453,1,-1,-1,-1
251,2,647,273,854,380,1,-1,-1,-1
251,7,1179,434,1234,514,1,-1,-1,-1
251,9,281,701,555,964,1,-1,-1,-1
251,8,697,354,777,431,1,-1,-1,-1
251,10,968,334,1032,408,1,-1,-1,-1
252,0,21,326,366,523,1,-1,-1,-1
252,1,380,309,643,453,1,-1,-1,-1
252,2,647,273,854,380,1,-1,-1,-1
252,7,1186,431,1240,509,1,-1,-1,-1
252,9,322,687,586,944,1,-1,-1,-1
252,8,685,355,767,432,1,-1,-1,-1
252,10,955,334,1020,413,1,-1,-1,-1
253,0,21,326,366,523,1,-1,-1,-1
253,1,380,309,643,453,1,-1,-1,-1
253,2,647,273,854,380,1,-1,-1,-1
253,7,1193,428,1245,505,1,-1,-1,-1
253,9,362,675,615,924,1,-1,-1,-1
253,8,674,356,758,435,1,-1,-1,-1
253,10,944,333,1009,417,1,-1,-1,-1
254,0,21,326,366,523,1,-1,-1,-1
254,1,380,309,643,453,1,-1,-1,-1
254,2,647,273,854,380,1,-1,-1,-1
254,7,1193,429,1245,506,1,-1,-1,-1
254,9,361,673,619,922,1,-1,-1,-1
254,8,673,357,757,434,1,-1,-1,-1
254,10,944,334,1010,417,1,-1,-1,-1
255,0,21,326,366,523,1,-1,-1,-1
255,1,380,309,643,453,1,-1,-1,-1
255,2,647,273,854,380,1,-1,-1,-1
255,7,1200,426,1251,502,1,-1,-1,-1
255,9,398,661,645,913,1,-1,-1,-1
255,8,661,356,748,437,1,-1,-1,-1
255,10,931,335,998,418,1,-1,-1,-1
256,0,21,326,366,523,1,-1,-1,-1
256,1,380,309,643,453,1,-1,-1,-1
256,2,647,273,854,380,1,-1,-1,-1
256,7,1205,423,1256,497,1,-1,-1,-1
256,9,434,648,671,889,1,-1,-1,-1
256,8,650,358,737,439,1,-1,-1,-1
256,10,917,337,984,423,1,-1,-1,-1
257,0,21,326,366,523,1,-1,-1,-1
257,1,380,309,643,453,1,-1,-1,-1
257,2,647,273,854,380,1,-1,-1,-1
257,7,1213,421,1262,493,1,-1,-1,-1
257,9,471,637,699,875,1,-1,-1,-1
257,8,637,360,726,441,1,-1,-1,-1
257,10,902,339,973,426,1,-1,-1,-1
258,0,21,326,366,523,1,-1,-1,-1
258,1,380,309,643,453,1,-1,-1,-1
258,2,647,273,854,380,1,-1,-1,-1
258,7,1217,418,1266,489,1,-1,-1,-1
258,9,505,624,723,859,1,-1,-1,-1
258,8,625,363,716,445,1,-1,-1,-1
258,10,890,343,960,430,1,-1,-1,-1
259,0,21,326,366,523,1,-1,-1,-1
259,1,380,309,643,453,1,-1,-1,-1
259,2,647,273,854,380,1,-1,-1,-1
259,7,1224,417,1270,487,1,-1,-1,-1
259,9,538,613,749,843,1,-1,-1,-1
259,8,612,366,704,448,1,-1,-1,-1
259,10,872,345,953,433,1,-1,-1,-1
260,0,21,326,366,523,1,-1,-1,-1
260,1,380,309,643,453,1,-1,-1,-1
260,2,647,273,854,380,1,-1,-1,-1
260,7,1224,416,1271,486,1,-1,-1,-1
260,9,538,613,748,842,1,-1,-1,-1
260,8,612,366,705,447,1,-1,-1,-1
260,10,872,342,950,433,1,-1,-1,-1
261,0,21,326,366,523,1,-1,-1,-1
261,1,380,309,643,453,1,-1,-1,-1
261,2,647,273,854,380,1,-1,-1,-1
261,7,1224,417,1270,487,1,-1,-1,-1
261,9,538,613,749,842,1,-1,-1,-1
261,8,611,367,705,447,1,-1,-1,-1
261,10,872,344,952,433,1,-1,-1,-1
262,0,21,326,366,523,1,-1,-1,-1
262,1,380,309,643,453,1,-1,-1,-1
262,2,647,273,854,380,1,-1,-1,-1
262,7,1236,411,1281,481,1,-1,-1,-1
262,9,600,597,794,813,1,-1,-1,-1
262,8,586,371,683,454,1,-1,-1,-1
262,10,838,346,918,443,1,-1,-1,-1
263,0,21,326,366,523,1,-1,-1,-1
263,1,380,309,643,453,1,-1,-1,-1
263,2,647,273,854,380,1,-1,-1,-1
263,7,1241,410,1284,478,1,-1,-1,-1
263,9,629,596,815,798,1,-1,-1,-1
263,8,574,373,672,457,1,-1,-1,-1
263,10,821,352,905,447,1,-1,-1,-1
264,0,21,326,366,523,1,-1,-1,-1
264,1,380,309,643,453,1,-1,-1,-1
264,2,647,273,854,380,1,-1,-1,-1
264,7,1246,408,1289,475,1,-1,-1,-1
264,9,656,583,834,785,1,-1,-1,-1
264,8,559,376,659,461,1,-1,-1,-1
264,10,804,356,889,451,1,-1,-1,-1
265,0,21,326,366,523,1,-1,-1,-1
265,1,380,309,643,453,1,-1,-1,-1
265,2,647,273,854,380,1,-1,-1,-1
265,7,1251,405,1293,472,1,-1,-1,-1
265,9,683,574,856,772,1,-1,-1,-1
265,8,545,378,647,463,1,-1,-1,-1
265,10,786,358,875,455,1,-1,-1,-1
266,0,21,326,366,523,1,-1,-1,-1
266,1,380,309,643,453,1,-1,-1,-1
266,2,647,273,854,380,1,-1,-1,-1
266,7,1251,406,1293,472,1,-1,-1,-1
266,9,683,574,854,770,1,-1,-1,-1
266,8,545,378,647,463,1,-1,-1,-1
266,10,786,359,878,454,1,-1,-1,-1
267,0,21,326,366,523,1,-1,-1,-1
267,1,380,309,643,453,1,-1,-1,-1
267,2,647,273,854,380,1,-1,-1,-1
267,7,1256,404,1297,470,1,-1,-1,-1
267,9,707,567,877,760,1,-1,-1,-1
267,8,532,380,634,467,1,-1,-1,-1
267,10,766,360,859,459,1,-1,-1,-1
268,0,21,326,366,523,1,-1,-1,-1
268,1,380,309,643,453,1,-1,-1,-1
268,2,647,273,854,380,1,-1,-1,-1
268,7,1260,402,1302,466,1,-1,-1,-1
268,9,731,559,893,748,1,-1,-1,-1
268,8,517,381,623,469,1,-1,-1,-1
268,10,748,363,841,461,1,-1,-1,-1
269,0,21,326,366,523,1,-1,-1,-1
269,1,380,309,643,453,1,-1,-1,-1
269,2,647,273,854,380,1,-1,-1,-1
269,7,1264,400,1304,464,1,-1,-1,-1
269,9,755,550,913,737,1,-1,-1,-1
269,8,503,384,608,474,1,-1,-1,-1
269,10,726,366,824,467,1,-1,-1,-1
270,0,21,326,366,523,1,-1,-1,-1
270,1,380,309,643,453,1,-1,-1,-1
270,2,647,273,854,380,1,-1,-1,-1
270,7,1269,398,1309,462,1,-1,-1,-1
270,9,776,545,933,725,1,-1,-1,-1
270,8,490,387,595,477,1,-1,-1,-1
270,10,706,371,805,470,1,-1,-1,-1
271,0,21,326,366,523,1,-1,-1,-1
271,1,380,309,643,453,1,-1,-1,-1
271,2,647,273,854,380,1,-1,-1,-1
271,7,1273,396,1313,458,1,-1,-1,-1
271,9,797,539,948,716,1,-1,-1,-1
271,8,472,390,583,481,1,-1,-1,-1
271,10,683,375,785,478,1,-1,-1,-1
272,0,21,326,366,523,1,-1,-1,-1
272,1,380,309,643,453,1,-1,-1,-1
272,2,647,273,854,380,1,-1,-1,-1
272,7,1272,396,1312,458,1,-1,-1,-1
272,9,798,538,944,714,1,-1,-1,-1
272,8,472,390,584,481,1,-1,-1,-1
272,10,683,375,785,478,1,-1,-1,-1
273,0,21,326,366,523,1,-1,-1,-1
273,1,380,309,643,453,1,-1,-1,-1
273,2,647,273,854,380,1,-1,-1,-1
273,7,1277,394,1317,456,1,-1,-1,-1
273,9,817,531,965,705,1,-1,-1,-1
273,8,458,392,570,484,1,-1,-1,-1
273,10,667,377,764,484,1,-1,-1,-1
274,0,21,326,366,523,1,-1,-1,-1
274,1,380,309,643,453,1,-1,-1,-1
274,2,647,273,854,380,1,-1,-1,-1
274,7,1282,392,1320,453,1,-1,-1,-1
274,9,837,526,980,694,1,-1,-1,-1
274,8,444,394,556,486,1,-1,-1,-1
274,10,636,383,746,493,1,-1,-1,-1
275,0,21,326,366,523,1,-1,-1,-1
275,1,380,309,643,453,1,-1,-1,-1
275,2,647,273,854,380,1,-1,-1,-1
275,11,1,513,605,840,1,-1,-1,-1
275,7,1285,391,1323,451,1,-1,-1,-1
275,9,856,520,993,685,1,-1,-1,-1
275,8,429,397,542,491,1,-1,-1,-1
275,10,611,385,723,497,1,-1,-1,-1
276,0,21,326,366,523,1,-1,-1,-1
276,1,380,309,643,453,1,-1,-1,-1
276,2,647,273,854,380,1,-1,-1,-1
276,11,28,502,636,821,1,-1,-1,-1
276,7,1289,390,1326,448,1,-1,-1,-1
276,9,874,512,1009,676,1,-1,-1,-1
276,8,412,400,528,495,1,-1,-1,-1
276,10,585,391,703,504,1,-1,-1,-1
277,0,21,326,366,523,1,-1,-1,-1
277,1,380,309,643,453,1,-1,-1,-1
277,2,647,273,854,380,1,-1,-1,-1
277,11,73,493,669,802,1,-1,-1,-1
277,7,1292,390,1329,447,1,-1,-1,-1
277,9,891,508,1025,668,1,-1,-1,-1
277,8,396,402,512,498,1,-1,-1,-1
277,10,558,396,678,512,1,-1,-1,-1
278,0,21,326,366,523,1,-1,-1,-1
278,1,380,309,643,453,1,-1,-1,-1
278,2,647,273,854,380,1,-1,-1,-1
278,11,77,495,670,803,1,-1,-1,-1
278,7,1292,389,1328,445,1,-1,-1,-1
278,9,892,508,1021,668,1,-1,-1,-1
278,8,396,401,513,498,1,-1,-1,-1
278,10,558,395,677,512,1,-1,-1,-1
279,0,21,326,366,523,1,-1,-1,-1
279,1,380,309,643,453,1,-1,-1,-1
279,2,647,273,854,380,1,-1,-1,-1
279,11,121,485,704,783,1,-1,-1,-1
279,7,1296,388,1331,445,1,-1,-1,-1
279,9,907,503,1034,661,1,-1,-1,-1
279,8,381,404,499,495,1,-1,-1,-1
279,10,529,402,652,514,1,-1,-1,-1
280,0,21,326,366,523,1,-1,-1,-1
280,1,380,309,643,453,1,-1,-1,-1
280,2,647,273,854,380,1,-1,-1,-1
280,11,166,473,732,764,1,-1,-1,-1
280,7,1300,387,1335,443,1,-1,-1,-1
280,9,923,497,1048,651,1,-1,-1,-1
280,8,365,408,482,488,1,-1,-1,-1
280,10,508,408,628,507,1,-1,-1,-1
280,12,992,337,1049,404,1,-1,-1,-1
281,0,21,326,366,523,1,-1,-1,-1
281,1,380,309,643,453,1,-1,-1,-1
281,2,647,273,854,380,1,-1,-1,-1
281,11,207,465,760,742,1,-1,-1,-1
281,7,1303,386,1337,441,1,-1,-1,-1
281,9,938,492,1064,644,1,-1,-1,-1
281,8,348,409,466,488,1,-1,-1,-1
281,10,483,412,603,499,1,-1,-1,-1
281,12,980,336,1038,406,1,-1,-1,-1
282,0,21,326,366,523,1,-1,-1,-1
282,1,380,309,643,453,1,-1,-1,-1
282,2,647,273,854,380,1,-1,-1,-1
282,11,252,458,789,730,1,-1,-1,-1
282,7,1307,386,1340,439,1,-1,-1,-1
282,9,952,488,1074,637,1,-1,-1,-1
282,8,328,410,453,513,1,-1,-1,-1
282,10,459,417,572,487,1,-1,-1,-1
282,12,969,336,1027,409,1,-1,-1,-1
283,0,21,326,366,523,1,-1,-1,-1
283,1,380,309,643,453,1,-1,-1,-1
283,2,647,273,854,380,1,-1,-1,-1
283,11,293,446,811,710,1,-1,-1,-1
283,7,1310,385,1343,436,1,-1,-1,-1
283,9,967,502,1085,630,1,-1,-1,-1
283,8,311,416,439,520,1,-1,-1,-1
283,10,411,422,521,502,1,-1,-1,-1
283,12,956,335,1015,412,1,-1,-1,-1
284,0,21,326,366,523,1,-1,-1,-1
284,1,380,309,643,453,1,-1,-1,-1
284,2,647,273,854,380,1,-1,-1,-1
284,11,292,448,813,709,1,-1,-1,-1
284,7,1309,384,1343,436,1,-1,-1,-1
284,9,969,499,1083,631,1,-1,-1,-1
284,8,311,415,438,519,1,-1,-1,-1
284,10,412,425,521,515,1,-1,-1,-1
284,12,957,336,1016,413,1,-1,-1,-1
285,0,21,326,366,523,1,-1,-1,-1
285,1,380,309,643,453,1,-1,-1,-1
285,2,647,273,854,380,1,-1,-1,-1
285,11,333,439,838,691,1,-1,-1,-1
285,7,1312,384,1345,434,1,-1,-1,-1
285,9,981,495,1094,624,1,-1,-1,-1
285,8,294,418,425,523,1,-1,-1,-1
285,10,360,421,487,523,1,-1,-1,-1
285,12,943,340,1005,415,1,-1,-1,-1
286,0,21,326,366,523,1,-1,-1,-1
286,1,380,309,643,453,1,-1,-1,-1
286,2,647,273,854,380,1,-1,-1,-1
286,11,369,435,858,678,1,-1,-1,-1
286,7,1315,385,1348,432,1,-1,-1,-1
286,9,994,491,1104,617,1,-1,-1,-1
286,8,274,423,405,529,1,-1,-1,-1
286,10,343,436,471,563,1,-1,-1,-1
286,12,931,341,995,417,1,-1,-1,-1
287,0,21,326,366,523,1,-1,-1,-1
287,1,380,309,643,453,1,-1,-1,-1
287,2,647,273,854,380,1,-1,-1,-1
287,11,411,430,880,662,1,-1,-1,-1
287,7,1319,384,1351,430,1,-1,-1,-1
287,9,1007,487,1115,610,1,-1,-1,-1
287,8,257,428,373,533,1,-1,-1,-1
287,10,305,443,455,577,1,-1,-1,-1
287,12,917,341,986,424,1,-1,-1,-1
288,0,21,326,366,523,1,-1,-1,-1
288,1,380,309,643,453,1,-1,-1,-1
288,2,647,273,854,380,1,-1,-1,-1
288,11,448,419,902,647,1,-1,-1,-1
288,7,1321,386,1354,430,1,-1,-1,-1
288,9,1020,483,1125,604,1,-1,-1,-1
288,8,241,432,343,538,1,-1,-1,-1
288,10,267,453,425,593,1,-1,-1,-1
288,12,903,346,975,429,1,-1,-1,-1
289,0,21,326,366,523,1,-1,-1,-1
289,1,380,309,643,453,1,-1,-1,-1
289,2,647,273,854,380,1,-1,-1,-1
289,11,482,412,922,634,1,-1,-1,-1
289,7,1324,384,1357,428,1,-1,-1,-1
289,9,1031,480,1134,599,1,-1,-1,-1
289,8,220,434,333,543,1,-1,-1,-1
289,10,223,471,395,604,1,-1,-1,-1
289,12,888,348,960,432,1,-1,-1,-1
290,0,21,326,366,523,1,-1,-1,-1
290,1,380,309,643,453,1,-1,-1,-1
290,2,647,273,854,380,1,-1,-1,-1
290,11,481,410,923,635,1,-1,-1,-1
290,7,1325,385,1357,427,1,-1,-1,-1
290,9,1031,478,1133,599,1,-1,-1,-1
290,8,219,434,316,542,1,-1,-1,-1
290,10,227,471,390,606,1,-1,-1,-1
290,12,889,348,959,431,1,-1,-1,-1
291,0,21,326,366,523,1,-1,-1,-1
291,1,380,309,643,453,1,-1,-1,-1
291,2,647,273,854,380,1,-1,-1,-1
291,11,517,407,941,624,1,-1,-1,-1
291,9,1042,476,1144,593,1,-1,-1,-1
291,8,205,436,334,543,1,-1,-1,-1
291,10,192,479,357,618,1,-1,-1,-1
291,12,876,351,945,431,1,-1,-1,-1
292,0,21,326,366,523,1,-1,-1,-1
292,1,380,309,643,453,1,-1,-1,-1
292,2,647,273,854,380,1,-1,-1,-1
292,11,547,402,958,611,1,-1,-1,-1
292,9,1053,471,1153,588,1,-1,-1,-1
292,8,183,441,333,535,1,-1,-1,-1
292,10,154,488,322,627,1,-1,-1,-1
292,12,860,354,932,434,1,-1,-1,-1
293,0,21,326,366,523,1,-1,-1,-1
293,1,380,309,643,453,1,-1,-1,-1
293,2,647,273,854,380,1,-1,-1,-1
293,11,579,398,976,599,1,-1,-1,-1
293,9,1063,469,1160,582,1,-1,-1,-1
293,8,177,442,305,534,1,-1,-1,-1
293,10,114,495,291,638,1,-1,-1,-1
293,12,841,356,918,433,1,-1,-1,-1
294,0,21,326,366,523,1,-1,-1,-1
294,1,380,309,643,453,1,-1,-1,-1
294,2,647,273,854,380,1,-1,-1,-1
294,11,607,393,992,589,1,-1,-1,-1
294,9,1074,464,1169,577,1,-1,-1,-1
294,8,153,439,281,543,1,-1,-1,-1
294,10,72,503,252,653,1,-1,-1,-1
294,12,826,356,904,441,1,-1,-1,-1
295,0,21,326,366,523,1,-1,-1,-1
295,1,380,309,643,453,1,-1,-1,-1
295,2,647,273,854,380,1,-1,-1,-1
295,11,636,387,1009,581,1,-1,-1,-1
295,9,1083,460,1176,573,1,-1,-1,-1
295,8,148,439,259,549,1,-1,-1,-1
295,10,35,516,208,668,1,-1,-1,-1
295,12,809,367,895,428,1,-1,-1,-1
296,0,21,326,366,523,1,-1,-1,-1
296,1,380,309,643,453,1,-1,-1,-1
296,2,647,273,854,380,1,-1,-1,-1
296,11,634,385,1007,580,1,-1,-1,-1
296,9,1083,459,1176,574,1,-1,-1,-1
296,8,144,446,259,548,1,-1,-1,-1
296,10,34,515,209,664,1,-1,-1,-1
296,12,792,374,913,418,1,-1,-1,-1
297,0,21,326,366,523,1,-1,-1,-1
297,1,380,309,643,453,1,-1,-1,-1
297,2,647,273,854,380,1,-1,-1,-1
297,11,662,381,1021,571,1,-1,-1,-1
297,9,1092,458,1184,568,1,-1,-1,-1
297,8,116,451,237,554,1,-1,-1,-1
297,10,6,521,171,681,1,-1,-1,-1
297,12,794,377,879,419,1,-1,-1,-1
298,0,21,326,366,523,1,-1,-1,-1
298,1,380,309,643,453,1,-1,-1,-1
298,2,647,273,854,380,1,-1,-1,-1
298,11,689,382,1035,562,1,-1,-1,-1
298,9,1102,455,1193,563,1,-1,-1,-1
298,8,93,457,220,568,1,-1,-1,-1
298,10,0,534,129,683,1,-1,-1,-1
298,12,778,369,859,428,1,-1,-1,-1
299,0,21,326,366,523,1,-1,-1,-1
299,1,380,309,643,453,1,-1,-1,-1
299,2,647,273,854,380,1,-1,-1,-1
299,11,714,377,1048,553,1,-1,-1,-1
299,9,1111,451,1199,560,1,-1,-1,-1
299,8,57,464,199,581,1,-1,-1,-1
299,12,751,374,861,446,1,-1,-1,-1
300,0,21,326,366,523,1,-1,-1,-1
300,1,380,309,643,453,1,-1,-1,-1
300,2,647,273,854,380,1,-1,-1,-1
300,11,730,375,1061,544,1,-1,-1,-1
300,9,1119,448,1206,556,1,-1,-1,-1
300,8,46,468,180,590,1,-1,-1,-1
300,12,728,370,845,460,1,-1,-1,-1
301,0,21,326,366,523,1,-1,-1,-1
301,1,380,309,643,453,1,-1,-1,-1
301,2,647,273,854,380,1,-1,-1,-1
301,11,760,372,1074,537,1,-1,-1,-1
301,9,1127,446,1212,551,1,-1,-1,-1
301,8,29,473,163,596,1,-1,-1,-1
301,12,704,374,811,474,1,-1,-1,-1
302,0,21,326,366,523,1,-1,-1,-1
302,1,380,309,643,453,1,-1,-1,-1
302,2,647,273,854,380,1,-1,-1,-1
302,11,758,372,1075,536,1,-1,-1,-1
302,9,1127,446,1212,552,1,-1,-1,-1
302,8,17,470,161,594,1,-1,-1,-1
302,12,705,378,816,477,1,-1,-1,-1
303,0,21,326,366,523,1,-1,-1,-1
303,1,380,309,643,453,1,-1,-1,-1
303,2,647,273,854,380,1,-1,-1,-1
303,11,782,370,1085,529,1,-1,-1,-1
303,9,1136,471,1208,547,1,-1,-1,-1
303,8,10,475,144,601,1,-1,-1,-1
303,12,685,381,783,483,1,-1,-1,-1
304,0,21,326,366,523,1,-1,-1,-1
304,1,380,309,643,453,1,-1,-1,-1
304,2,647,273,854,380,1,-1,-1,-1
304,11,802,368,1098,523,1,-1,-1,-1
304,9,1144,467,1216,543,1,-1,-1,-1
304,8,1,478,123,596,1,-1,-1,-1
304,12,660,385,761,490,1,-1,-1,-1
305,0,21,326,366,523,1,-1,-1,-1
305,1,380,309,643,453,1,-1,-1,-1
305,2,647,273,854,380,1,-1,-1,-1
305,11,822,368,1109,515,1,-1,-1,-1
305,9,1152,464,1221,539,1,-1,-1,-1
305,8,0,485,102,591,1,-1,-1,-1
305,12,633,386,747,498,1,-1,-1,-1
306,0,21,326,366,523,1,-1,-1,-1
306,1,380,309,643,453,1,-1,-1,-1
306,2,647,273,854,380,1,-1,-1,-1
306,11,840,364,1119,510,1,-1,-1,-1
306,9,1159,461,1227,535,1,-1,-1,-1
306,13,6,730,252,1008,1,-1,-1,-1
306,8,0,494,88,593,1,-1,-1,-1
306,12,607,397,726,506,1,-1,-1,-1
307,0,21,326,366,523,1,-1,-1,-1
307,1,380,309,643,453,1,-1,-1,-1
307,2,647,273,854,380,1,-1,-1,-1
307,11,859,361,1129,504,1,-1,-1,-1
307,9,1166,458,1233,531,1,-1,-1,-1
307,13,30,715,294,987,1,-1,-1,-1
307,8,0,500,68,598,1,-1,-1,-1
307,12,581,401,697,513,1,-1,-1,-1
308,0,21,326,366,523,1,-1,-1,-1
308,1,380,309,643,453,1,-1,-1,-1
308,2,647,273,854,380,1,-1,-1,-1
308,11,859,364,1129,503,1,-1,-1,-1
308,9,1167,458,1232,531,1,-1,-1,-1
308,13,32,715,297,983,1,-1,-1,-1
308,12,579,403,695,514,1,-1,-1,-1
309,0,21,326,366,523,1,-1,-1,-1
309,1,380,309,643,453,1,-1,-1,-1
309,2,647,273,854,380,1,-1,-1,-1
309,11,877,360,1139,498,1,-1,-1,-1
309,9,1174,456,1239,528,1,-1,-1,-1
309,13,74,707,336,965,1,-1,-1,-1
309,12,552,407,673,523,1,-1,-1,-1
310,0,21,326,366,523,1,-1,-1,-1
310,1,380,309,643,453,1,-1,-1,-1
310,2,647,273,854,380,1,-1,-1,-1
310,11,894,356,1148,493,1,-1,-1,-1
310,9,1180,453,1244,524,1,-1,-1,-1
310,13,117,691,374,950,1,-1,-1,-1
310,12,525,409,648,530,1,-1,-1,-1
311,0,21,326,366,523,1,-1,-1,-1
311,1,380,309,643,453,1,-1,-1,-1
311,2,647,273,854,380,1,-1,-1,-1
311,11,910,354,1157,487,1,-1,-1,-1
311,9,1187,450,1251,520,1,-1,-1,-1
311,13,161,672,411,928,1,-1,-1,-1
311,12,494,414,622,538,1,-1,-1,-1
312,0,21,326,366,523,1,-1,-1,-1
312,1,380,309,643,453,1,-1,-1,-1
312,2,647,273,854,380,1,-1,-1,-1
312,11,925,350,1166,482,1,-1,-1,-1
312,9,1194,448,1257,518,1,-1,-1,-1
312,13,200,666,448,911,1,-1,-1,-1
312,12,463,422,594,545,1,-1,-1,-1
313,0,21,326,366,523,1,-1,-1,-1
313,1,380,309,643,453,1,-1,-1,-1
313,2,647,273,854,380,1,-1,-1,-1
313,11,940,347,1174,477,1,-1,-1,-1
313,9,1199,445,1261,514,1,-1,-1,-1
313,13,243,646,483,890,1,-1,-1,-1
313,12,428,430,565,552,1,-1,-1,-1
314,0,21,326,366,523,1,-1,-1,-1
314,1,380,309,643,453,1,-1,-1,-1
314,2,647,273,854,380,1,-1,-1,-1
314,11,940,347,1174,477,1,-1,-1,-1
314,9,1201,444,1260,513,1,-1,-1,-1
314,13,241,652,480,890,1,-1,-1,-1
314,12,426,430,564,552,1,-1,-1,-1
315,0,21,326,366,523,1,-1,-1,-1
315,1,380,309,643,453,1,-1,-1,-1
315,2,647,273,854,380,1,-1,-1,-1
315,11,954,344,1182,472,1,-1,-1,-1
315,9,1206,443,1266,510,1,-1,-1,-1
315,13,284,620,515,872,1,-1,-1,-1
315,12,398,436,534,560,1,-1,-1,-1
316,0,21,326,366,523,1,-1,-1,-1
316,1,380,309,643,453,1,-1,-1,-1
316,2,647,273,854,380,1,-1,-1,-1
316,11,967,343,1189,467,1,-1,-1,-1
316,9,1213,440,1271,507,1,-1,-1,-1
316,13,323,614,547,856,1,-1,-1,-1
316,12,365,433,507,566,1,-1,-1,-1
317,0,21,326,366,523,1,-1,-1,-1
317,1,380,309,643,453,1,-1,-1,-1
317,2,647,273,854,380,1,-1,-1,-1
317,11,980,343,1197,463,1,-1,-1,-1
317,9,1219,438,1275,504,1,-1,-1,-1
317,13,357,609,577,841,1,-1,-1,-1
317,12,326,445,481,584,1,-1,-1,-1
318,0,21,326,366,523,1,-1,-1,-1
318,1,380,309,643,453,1,-1,-1,-1
318,2,647,273,854,380,1,-1,-1,-1
318,11,993,343,1204,459,1,-1,-1,-1
318,9,1225,436,1280,502,1,-1,-1,-1
318,13,397,610,608,824,1,-1,-1,-1
318,12,287,452,449,595,1,-1,-1,-1
319,0,21,326,366,523,1,-1,-1,-1
319,1,380,309,643,453,1,-1,-1,-1
319,2,647,273,854,380,1,-1,-1,-1
319,11,1005,343,1211,455,1,-1,-1,-1
319,9,1230,433,1284,498,1,-1,-1,-1
319,13,434,593,635,806,1,-1,-1,-1
319,12,249,464,410,606,1,-1,-1,-1
320,0,21,326,366,523,1,-1,-1,-1
320,1,380,309,643,453,1,-1,-1,-1
320,2,647,273,854,380,1,-1,-1,-1
320,11,1004,343,1211,456,1,-1,-1,-1
320,9,1230,434,1284,499,1,-1,-1,-1
320,13,433,595,634,803,1,-1,-1,-1
320,12,250,463,408,605,1,-1,-1,-1
321,0,21,326,366,523,1,-1,-1,-1
321,1,380,309,643,453,1,-1,-1,-1
321,2,647,273,854,380,1,-1,-1,-1
321,11,1017,343,1218,452,1,-1,-1,-1
321,9,1235,432,1289,497,1,-1,-1,-1
321,13,468,577,662,789,1,-1,-1,-1
321,12,211,471,374,616,1,-1,-1,-1
322,0,21,326,366,523,1,-1,-1,-1
322,1,380,309,643,453,1,-1,-1,-1
322,2,647,273,854,380,1,-1,-1,-1
322,11,1027,344,1224,449,1,-1,-1,-1
322,9,1240,430,1293,493,1,-1,-1,-1
322,13,499,570,689,775,1,-1,-1,-1
322,12,173,478,341,624,1,-1,-1,-1
323,0,21,326,366,523,1,-1,-1,-1
323,1,380,309,643,453,1,-1,-1,-1
323,2,647,273,854,380,1,-1,-1,-1
323,11,1038,345,1231,446,1,-1,-1,-1
323,9,1245,428,1297,490,1,-1,-1,-1
323,13,531,552,715,758,1,-1,-1,-1
323,12,130,489,300,645,1,-1,-1,-1
324,0,21,326,366,523,1,-1,-1,-1
324,1,380,309,643,453,1,-1,-1,-1
324,2,647,273,854,380,1,-1,-1,-1
324,11,1049,346,1238,441,1,-1,-1,-1
324,9,1248,426,1300,489,1,-1,-1,-1
324,13,562,548,738,744,1,-1,-1,-1
324,14,1,650,226,863,1,-1,-1,-1
324,12,92,498,261,653,1,-1,-1,-1
325,0,21,326,366,523,1,-1,-1,-1
325,1,380,309,643,453,1,-1,-1,-1
325,2,647,273,854,380,1,-1,-1,-1
325,11,1059,346,1243,438,1,-1,-1,-1
325,13,593,543,761,733,1,-1,-1,-1
325,9,1252,424,1303,487,1,-1,-1,-1
325,14,20,636,257,842,1,-1,-1,-1
325,12,47,511,221,661,1,-1,-1,-1
326,0,21,326,366,523,1,-1,-1,-1
326,1,380,309,643,453,1,-1,-1,-1
326,2,647,273,854,380,1,-1,-1,-1
326,11,1059,346,1242,438,1,-1,-1,-1
326,13,592,559,759,732,1,-1,-1,-1
326,9,1252,423,1303,486,1,-1,-1,-1
326,14,22,633,258,843,1,-1,-1,-1
326,12,46,512,221,657,1,-1,-1,-1
327,0,21,326,366,523,1,-1,-1,-1
327,1,380,309,643,453,1,-1,-1,-1
327,2,647,273,854,380,1,-1,-1,-1
327,11,1069,347,1249,435,1,-1,-1,-1
327,9,1256,422,1307,484,1,-1,-1,-1
327,13,620,551,783,719,1,-1,-1,-1
327,14,63,621,296,826,1,-1,-1,-1
327,12,4,521,180,688,1,-1,-1,-1
328,0,21,326,366,523,1,-1,-1,-1
328,1,380,309,643,453,1,-1,-1,-1
328,2,647,273,854,380,1,-1,-1,-1
328,9,1261,420,1312,481,1,-1,-1,-1
328,13,648,541,803,706,1,-1,-1,-1
328,14,107,609,330,810,1,-1,-1,-1
328,12,0,537,147,678,1,-1,-1,-1
329,0,21,326,366,523,1,-1,-1,-1
329,1,380,309,643,453,1,-1,-1,-1
329,2,647,273,854,380,1,-1,-1,-1
329,9,1265,419,1315,479,1,-1,-1,-1
329,13,675,533,824,693,1,-1,-1,-1
329,14,150,597,367,794,1,-1,-1,-1
329,12,0,548,97,697,1,-1,-1,-1
330,0,21,326,366,523,1,-1,-1,-1
330,1,380,309,643,453,1,-1,-1,-1
330,2,647,273,854,380,1,-1,-1,-1
330,9,1270,417,1319,478,1,-1,-1,-1
330,13,701,542,842,682,1,-1,-1,-1
330,14,187,583,403,777,1,-1,-1,-1
331,0,21,326,366,523,1,-1,-1,-1
331,1,380,309,643,453,1,-1,-1,-1
331,2,647,273,854,380,1,-1,-1,-1
331,9,1274,416,1323,475,1,-1,-1,-1
331,13,727,529,861,672,1,-1,-1,-1
331,14,228,568,433,761,1,-1,-1,-1
332,0,21,326,366,523,1,-1,-1,-1
332,1,380,309,643,453,1,-1,-1,-1
332,2,647,273,854,380,1,-1,-1,-1
332,9,1274,415,1322,474,1,-1,-1,-1
332,13,727,530,860,672,1,-1,-1,-1
332,14,228,569,434,759,1,-1,-1,-1
333,0,21,326,366,523,1,-1,-1,-1
333,1,380,309,643,453,1,-1,-1,-1
333,2,647,273,854,380,1,-1,-1,-1
333,9,1278,414,1326,473,1,-1,-1,-1
333,13,750,523,880,662,1,-1,-1,-1
333,14,270,556,463,746,1,-1,-1,-1
334,0,21,326,366,523,1,-1,-1,-1
334,1,380,309,643,453,1,-1,-1,-1
334,2,647,273,854,380,1,-1,-1,-1
334,9,1282,413,1330,471,1,-1,-1,-1
334,13,772,515,897,653,1,-1,-1,-1
334,14,309,545,495,731,1,-1,-1,-1
335,0,21,326,366,523,1,-1,-1,-1
335,1,380,309,643,453,1,-1,-1,-1
335,2,647,273,854,380,1,-1,-1,-1
335,9,1286,412,1332,469,1,-1,-1,-1
335,13,793,510,914,643,1,-1,-1,-1
335,14,346,534,525,716,1,-1,-1,-1
336,0,21,326,366,523,1,-1,-1,-1
336,1,380,309,643,453,1,-1,-1,-1
336,2,647,273,854,380,1,-1,-1,-1
336,9,1290,409,1336,466,1,-1,-1,-1
336,13,808,510,945,636,1,-1,-1,-1
336,14,380,524,559,700,1,-1,-1,-1
336,15,1003,338,1059,400,1,-1,-1,-1
337,0,21,326,366,523,1,-1,-1,-1
337,1,380,309,643,453,1,-1,-1,-1
337,2,647,273,854,380,1,-1,-1,-1
337,9,1294,408,1339,465,1,-1,-1,-1
337,13,834,497,955,630,1,-1,-1,-1
337,14,414,515,587,687,1,-1,-1,-1
337,15,994,339,1051,400,1,-1,-1,-1
338,0,21,326,366,523,1,-1,-1,-1
338,1,380,309,643,453,1,-1,-1,-1
338,2,647,273,854,380,1,-1,-1,-1
338,9,1294,408,1338,464,1,-1,-1,-1
338,13,833,496,952,626,1,-1,-1,-1
338,14,414,512,588,686,1,-1,-1,-1
338,15,994,339,1051,400,1,-1,-1,-1
339,0,21,326,366,523,1,-1,-1,-1
339,1,380,309,643,453,1,-1,-1,-1
339,2,647,273,854,380,1,-1,-1,-1
339,9,1297,408,1342,463,1,-1,-1,-1
339,13,850,491,967,619,1,-1,-1,-1
339,14,447,506,614,674,1,-1,-1,-1
339,15,983,340,1042,402,1,-1,-1,-1
340,0,21,326,366,523,1,-1,-1,-1
340,1,380,309,643,453,1,-1,-1,-1
340,2,647,273,854,380,1,-1,-1,-1
340,9,1301,406,1345,461,1,-1,-1,-1
340,13,869,485,980,611,1,-1,-1,-1
340,14,480,501,639,661,1,-1,-1,-1
340,15,974,341,1033,404,1,-1,-1,-1
341,0,21,326,366,523,1,-1,-1,-1
341,1,380,309,643,453,1,-1,-1,-1
341,2,647,273,854,380,1,-1,-1,-1
341,9,1305,405,1348,459,1,-1,-1,-1
341,13,888,479,995,603,1,-1,-1,-1
341,14,510,493,663,650,1,-1,-1,-1
341,15,963,342,1023,407,1,-1,-1,-1
342,0,21,326,366,523,1,-1,-1,-1
342,1,380,309,643,453,1,-1,-1,-1
342,2,647,273,854,380,1,-1,-1,-1
342,9,1308,402,1349,458,1,-1,-1,-1
342,13,903,473,1008,593,1,-1,-1,-1
342,14,541,483,688,639,1,-1,-1,-1
342,15,951,343,1012,412,1,-1,-1,-1
343,0,21,326,366,523,1,-1,-1,-1
343,1,380,309,643,453,1,-1,-1,-1
343,2,647,273,854,380,1,-1,-1,-1
343,9,1311,401,1352,455,1,-1,-1,-1
343,13,919,469,1021,585,1,-1,-1,-1
343,14,569,479,712,627,1,-1,-1,-1
343,15,939,345,1002,414,1,-1,-1,-1
344,0,21,326,366,523,1,-1,-1,-1
344,1,380,309,643,453,1,-1,-1,-1
344,2,647,273,854,380,1,-1,-1,-1
344,9,1312,400,1352,456,1,-1,-1,-1
344,13,920,470,1020,584,1,-1,-1,-1
344,14,569,477,711,627,1,-1,-1,-1
344,15,940,346,1003,415,1,-1,-1,-1
345,0,21,326,366,523,1,-1,-1,-1
345,1,380,309,643,453,1,-1,-1,-1
345,2,647,273,854,380,1,-1,-1,-1
345,9,1315,400,1354,454,1,-1,-1,-1
345,13,934,464,1033,577,1,-1,-1,-1
345,14,596,473,733,617,1,-1,-1,-1
345,15,927,348,991,419,1,-1,-1,-1
346,0,21,326,366,523,1,-1,-1,-1
346,1,380,309,643,453,1,-1,-1,-1
346,2,647,273,854,380,1,-1,-1,-1
346,9,1318,399,1357,453,1,-1,-1,-1
346,13,948,460,1045,571,1,-1,-1,-1
346,14,623,465,753,607,1,-1,-1,-1
346,15,914,349,980,423,1,-1,-1,-1
347,0,21,326,366,523,1,-1,-1,-1
347,1,380,309,643,453,1,-1,-1,-1
347,2,647,273,854,380,1,-1,-1,-1
347,9,1321,398,1359,451,1,-1,-1,-1
347,13,963,456,1056,565,1,-1,-1,-1
347,14,647,458,775,597,1,-1,-1,-1
347,15,902,351,969,425,1,-1,-1,-1
348,0,21,326,366,523,1,-1,-1,-1
348,1,380,309,643,453,1,-1,-1,-1
348,2,647,273,854,380,1,-1,-1,-1
348,9,1324,397,1362,450,1,-1,-1,-1
348,13,977,452,1068,559,1,-1,-1,-1
348,14,671,451,796,588,1,-1,-1,-1
348,15,888,354,957,427,1,-1,-1,-1
349,0,21,326,366,523,1,-1,-1,-1
349,1,380,309,643,453,1,-1,-1,-1
349,2,647,273,854,380,1,-1,-1,-1
349,9,1327,397,1364,449,1,-1,-1,-1
349,13,989,447,1065,553,1,-1,-1,-1
349,14,693,447,815,580,1,-1,-1,-1
349,15,874,354,946,430,1,-1,-1,-1
350,0,21,326,366,523,1,-1,-1,-1
350,1,380,309,643,453,1,-1,-1,-1
350,2,647,273,854,380,1,-1,-1,-1
350,9,1330,396,1366,447,1,-1,-1,-1
350,13,1000,446,1077,544,1,-1,-1,-1
350,14,715,442,832,573,1,-1,-1,-1
350,15,859,359,932,432,1,-1,-1,-1
351,0,21,326,366,523,1,-1,-1,-1
351,1,380,309,643,453,1,-1,-1,-1
351,2,647,273,854,380,1,-1,-1,-1
351,9,1330,396,1366,446,1,-1,-1,-1
351,13,999,445,1077,543,1,-1,-1,-1
351,14,714,443,832,573,1,-1,-1,-1
351,15,859,358,933,432,1,-1,-1,-1
352,0,21,326,366,523,1,-1,-1,-1
352,1,380,309,643,453,1,-1,-1,-1
352,2,647,273,854,380,1,-1,-1,-1
352,9,1333,395,1368,445,1,-1,-1,-1
352,13,1011,442,1087,539,1,-1,-1,-1
352,14,735,438,850,565,1,-1,-1,-1
352,15,844,359,920,436,1,-1,-1,-1
353,0,21,326,366,523,1,-1,-1,-1
353,1,380,309,643,453,1,-1,-1,-1
353,2,647,273,854,380,1,-1,-1,-1
353,9,1335,394,1370,443,1,-1,-1,-1
353,13,1025,438,1097,534,1,-1,-1,-1
353,14,758,435,869,559,1,-1,-1,-1
353,15,826,361,906,439,1,-1,-1,-1
354,0,21,326,366,523,1,-1,-1,-1
354,1,380,309,643,453,1,-1,-1,-1
354,2,647,273,854,380,1,-1,-1,-1
354,9,1339,393,1373,442,1,-1,-1,-1
354,13,1036,434,1106,528,1,-1,-1,-1
354,14,778,428,886,551,1,-1,-1,-1
354,15,815,362,892,448,1,-1,-1,-1
355,0,21,326,366,523,1,-1,-1,-1
355,1,380,309,643,453,1,-1,-1,-1
355,2,647,273,854,380,1,-1,-1,-1
355,9,1340,392,1374,440,1,-1,-1,-1
355,13,1048,431,1116,523,1,-1,-1,-1
355,14,797,427,901,543,1,-1,-1,-1
355,15,793,367,875,455,1,-1,-1,-1
356,0,21,326,366,523,1,-1,-1,-1
356,1,380,309,643,453,1,-1,-1,-1
356,2,647,273,854,380,1,-1,-1,-1
356,9,1340,393,1374,441,1,-1,-1,-1
356,13,1047,431,1116,524,1,-1,-1,-1
356,14,798,426,901,544,1,-1,-1,-1
356,15,795,357,876,464,1,-1,-1,-1
357,0,21,326,366,523,1,-1,-1,-1
357,1,380,309,643,453,1,-1,-1,-1
357,2,647,273,854,380,1,-1,-1,-1
357,9,1345,392,1378,438,1,-1,-1,-1
357,13,1067,425,1135,514,1,-1,-1,-1
357,14,834,418,930,532,1,-1,-1,-1
357,15,757,363,846,463,1,-1,-1,-1
358,0,21,326,366,523,1,-1,-1,-1
358,1,380,309,643,453,1,-1,-1,-1
358,2,647,273,854,380,1,-1,-1,-1
358,9,1345,392,1378,437,1,-1,-1,-1
358,13,1068,423,1133,513,1,-1,-1,-1
358,14,834,417,931,532,1,-1,-1,-1
358,15,758,361,845,464,1,-1,-1,-1
359,0,21,326,366,523,1,-1,-1,-1
359,1,380,309,643,453,1,-1,-1,-1
359,2,647,273,854,380,1,-1,-1,-1
359,13,1078,422,1142,509,1,-1,-1,-1
359,14,851,413,945,526,1,-1,-1,-1
359,15,737,367,830,467,1,-1,-1,-1
360,0,21,326,366,523,1,-1,-1,-1
360,1,380,309,643,453,1,-1,-1,-1
360,2,647,273,854,380,1,-1,-1,-1
360,13,1088,417,1150,504,1,-1,-1,-1
360,14,868,410,959,518,1,-1,-1,-1
360,15,718,371,813,473,1,-1,-1,-1
361,0,21,326,366,523,1,-1,-1,-1
361,1,380,309,643,453,1,-1,-1,-1
361,2,647,273,854,380,1,-1,-1,-1
361,13,1097,415,1158,499,1,-1,-1,-1
361,14,884,406,972,512,1,-1,-1,-1
361,15,697,371,795,478,1,-1,-1,-1
362,0,21,326,366,523,1,-1,-1,-1
362,1,380,309,643,453,1,-1,-1,-1
362,2,647,273,854,380,1,-1,-1,-1
362,13,1106,412,1165,495,1,-1,-1,-1
362,14,900,404,986,508,1,-1,-1,-1
362,15,677,372,777,481,1,-1,-1,-1
363,0,21,326,366,523,1,-1,-1,-1
363,1,380,309,643,453,1,-1,-1,-1
363,2,647,273,854,380,1,-1,-1,-1
363,13,1115,410,1174,491,1,-1,-1,-1
363,14,914,399,997,502,1,-1,-1,-1
363,15,654,375,758,487,1,-1,-1,-1
364,0,21,326,366,523,1,-1,-1,-1
364,1,380,309,643,453,1,-1,-1,-1
364,2,647,273,854,380,1,-1,-1,-1
364,13,1114,409,1172,492,1,-1,-1,-1
364,14,914,401,996,502,1,-1,-1,-1
364,15,654,375,756,490,1,-1,-1,-1
365,0,21,326,366,523,1,-1,-1,-1
365,1,380,309,643,453,1,-1,-1,-1
365,2,647,273,854,380,1,-1,-1,-1
365,13,1123,408,1181,488,1,-1,-1,-1
365,14,930,396,1008,495,1,-1,-1,-1
365,15,631,379,737,497,1,-1,-1,-1
366,0,21,326,366,523,1,-1,-1,-1
366,1,380,309,643,453,1,-1,-1,-1
366,2,647,273,854,380,1,-1,-1,-1
366,13,1132,405,1189,484,1,-1,-1,-1
366,14,943,394,1022,491,1,-1,-1,-1
366,15,607,390,715,502,1,-1,-1,-1
367,0,21,326,366,523,1,-1,-1,-1
367,1,380,309,643,453,1,-1,-1,-1
367,2,647,273,854,380,1,-1,-1,-1
367,13,1139,403,1195,481,1,-1,-1,-1
367,14,956,391,1031,486,1,-1,-1,-1
367,15,582,395,693,509,1,-1,-1,-1
368,0,21,326,366,523,1,-1,-1,-1
368,1,380,309,643,453,1,-1,-1,-1
368,2,647,273,854,380,1,-1,-1,-1
368,13,1146,402,1202,478,1,-1,-1,-1
368,14,970,387,1042,481,1,-1,-1,-1
368,15,556,399,671,518,1,-1,-1,-1
369,0,21,326,366,523,1,-1,-1,-1
369,1,380,309,643,453,1,-1,-1,-1
369,2,647,273,854,380,1,-1,-1,-1
369,13,1154,399,1209,474,1,-1,-1,-1
369,14,982,408,1052,478,1,-1,-1,-1
369,15,529,403,649,524,1,-1,-1,-1
370,0,21,326,366,523,1,-1,-1,-1
370,1,380,309,643,453,1,-1,-1,-1
370,2,647,273,854,380,1,-1,-1,-1
370,13,1152,399,1210,472,1,-1,-1,-1
370,14,983,408,1050,478,1,-1,-1,-1
370,15,529,403,649,524,1,-1,-1,-1
371,0,21,326,366,523,1,-1,-1,-1
371,1,380,309,643,453,1,-1,-1,-1
371,2,647,273,854,380,1,-1,-1,-1
371,13,1159,397,1215,470,1,-1,-1,-1
371,14,993,405,1059,473,1,-1,-1,-1
371,15,502,410,625,537,1,-1,-1,-1
372,0,21,326,366,523,1,-1,-1,-1
372,1,380,309,643,453,1,-1,-1,-1
372,2,647,273,854,380,1,-1,-1,-1
372,13,1166,395,1221,467,1,-1,-1,-1
372,14,1005,401,1068,469,1,-1,-1,-1
372,15,472,416,599,543,1,-1,-1,-1
373,0,21,326,366,523,1,-1,-1,-1
373,1,380,309,643,453,1,-1,-1,-1
373,2,647,273,854,380,1,-1,-1,-1
373,13,1174,393,1227,464,1,-1,-1,-1
373,14,1018,399,1078,464,1,-1,-1,-1
373,15,442,422,572,552,1,-1,-1,-1
374,0,21,326,366,523,1,-1,-1,-1
374,1,380,309,643,453,1,-1,-1,-1
374,2,647,273,854,380,1,-1,-1,-1
374,13,1180,391,1232,461,1,-1,-1,-1
374,14,1029,395,1087,461,1,-1,-1,-1
374,15,411,425,544,558,1,-1,-1,-1
375,0,21,326,366,523,1,-1,-1,-1
375,1,380,309,643,453,1,-1,-1,-1
375,2,647,273,854,380,1,-1,-1,-1
375,13,1187,390,1238,459,1,-1,-1,-1
375,14,1038,393,1096,458,1,-1,-1,-1
375,15,379,432,518,572,1,-1,-1,-1
376,0,21,326,366,523,1,-1,-1,-1
376,1,380,309,643,453,1,-1,-1,-1
376,2,647,273,854,380,1,-1,-1,-1
376,13,1187,389,1238,457,1,-1,-1,-1
376,14,1038,393,1095,459,1,-1,-1,-1
376,15,378,430,517,571,1,-1,-1,-1
377,0,21,326,366,523,1,-1,-1,-1
377,1,380,309,643,453,1,-1,-1,-1
377,2,647,273,854,380,1,-1,-1,-1
377,13,1192,388,1243,455,1,-1,-1,-1
377,14,1048,391,1105,455,1,-1,-1,-1
377,15,347,432,488,577,1,-1,-1,-1
378,0,21,326,366,523,1,-1,-1,-1
378,1,380,309,643,453,1,-1,-1,-1
378,2,647,273,854,380,1,-1,-1,-1
378,13,1200,386,1246,453,1,-1,-1,-1
378,14,1057,388,1112,452,1,-1,-1,-1
378,15,311,442,459,588,1,-1,-1,-1
379,0,21,326,366,523,1,-1,-1,-1
379,1,380,309,643,453,1,-1,-1,-1
379,2,647,273,854,380,1,-1,-1,-1
379,13,1204,385,1252,449,1,-1,-1,-1
379,14,1067,387,1121,448,1,-1,-1,-1
379,15,275,448,428,599,1,-1,-1,-1
380,0,21,326,366,523,1,-1,-1,-1
380,1,380,309,643,453,1,-1,-1,-1
380,2,647,273,854,380,1,-1,-1,-1
380,13,1211,383,1257,447,1,-1,-1,-1
380,14,1077,385,1129,445,1,-1,-1,-1
380,15,239,450,395,607,1,-1,-1,-1
381,0,21,326,366,523,1,-1,-1,-1
381,1,380,309,643,453,1,-1,-1,-1
381,2,647,273,854,380,1,-1,-1,-1
381,13,1215,382,1261,445,1,-1,-1,-1
381,14,1085,384,1136,443,1,-1,-1,-1
381,15,201,463,361,618,1,-1,-1,-1
382,0,21,326,366,523,1,-1,-1,-1
382,1,380,309,643,453,1,-1,-1,-1
382,2,647,273,854,380,1,-1,-1,-1
382,13,1215,381,1261,445,1,-1,-1,-1
382,14,1084,384,1135,443,1,-1,-1,-1
382,15,201,462,360,617,1,-1,-1,-1
383,0,21,326,366,523,1,-1,-1,-1
383,1,380,309,643,453,1,-1,-1,-1
383,2,647,273,854,380,1,-1,-1,-1
383,13,1221,380,1265,443,1,-1,-1,-1
383,14,1093,382,1143,440,1,-1,-1,-1
383,15,163,472,329,634,1,-1,-1,-1
384,0,21,326,366,523,1,-1,-1,-1
384,1,380,309,643,453,1,-1,-1,-1
384,2,647,273,854,380,1,-1,-1,-1
384,13,1226,378,1270,440,1,-1,-1,-1
384,14,1102,380,1151,437,1,-1,-1,-1
384,15,125,488,292,649,1,-1,-1,-1
385,0,21,326,366,523,1,-1,-1,-1
385,1,380,309,643,453,1,-1,-1,-1
385,2,647,273,854,380,1,-1,-1,-1
385,13,1231,374,1274,438,1,-1,-1,-1
385,14,1110,377,1158,433,1,-1,-1,-1
385,15,84,493,256,661,1,-1,-1,-1
386,0,21,326,366,523,1,-1,-1,-1
386,1,380,309,643,453,1,-1,-1,-1
386,2,647,273,854,380,1,-1,-1,-1
386,13,1236,374,1277,437,1,-1,-1,-1
386,14,1118,375,1165,431,1,-1,-1,-1
386,15,44,505,217,667,1,-1,-1,-1
387,0,21,326,366,523,1,-1,-1,-1
387,1,380,309,643,453,1,-1,-1,-1
387,2,647,273,854,380,1,-1,-1,-1
387,13,1240,374,1280,433,1,-1,-1,-1
387,14,1125,372,1170,428,1,-1,-1,-1
387,15,5,510,180,678,1,-1,-1,-1
388,0,21,326,366,523,1,-1,-1,-1
388,1,380,309,643,453,1,-1,-1,-1
388,2,647,273,854,380,1,-1,-1,-1
388,13,1241,374,1281,433,1,-1,-1,-1
388,14,1125,372,1169,428,1,-1,-1,-1
388,15,5,510,179,680,1,-1,-1,-1
389,0,21,326,366,523,1,-1,-1,-1
389,1,380,309,643,453,1,-1,-1,-1
389,2,647,273,854,380,1,-1,-1,-1
389,13,1245,374,1285,431,1,-1,-1,-1
389,14,1132,371,1175,426,1,-1,-1,-1
389,15,0,525,144,680,1,-1,-1,-1
390,0,21,326,366,523,1,-1,-1,-1
390,1,380,309,643,453,1,-1,-1,-1
390,2,647,273,854,380,1,-1,-1,-1
390,13,1249,375,1288,429,1,-1,-1,-1
390,14,1139,368,1181,423,1,-1,-1,-1
390,15,0,528,101,685,1,-1,-1,-1
391,0,21,326,366,523,1,-1,-1,-1
391,1,380,309,643,453,1,-1,-1,-1
391,2,647,273,854,380,1,-1,-1,-1
391,13,1254,376,1292,427,1,-1,-1,-1
391,14,1146,367,1188,421,1,-1,-1,-1
392,0,21,326,366,523,1,-1,-1,-1
392,1,380,309,643,453,1,-1,-1,-1
392,2,647,273,854,380,1,-1,-1,-1
392,13,1258,376,1296,425,1,-1,-1,-1
392,14,1153,367,1193,419,1,-1,-1,-1
393,0,21,326,366,523,1,-1,-1,-1
393,1,380,309,643,453,1,-1,-1,-1
393,2,647,273,854,380,1,-1,-1,-1
393,13,1263,375,1300,422,1,-1,-1,-1
393,14,1160,365,1200,417,1,-1,-1,-1
394,0,21,326,366,523,1,-1,-1,-1
394,1,380,309,643,453,1,-1,-1,-1
394,2,647,273,854,380,1,-1,-1,-1
394,13,1262,376,1298,423,1,-1,-1,-1
394,14,1160,366,1199,417,1,-1,-1,-1
395,0,21,326,366,523,1,-1,-1,-1
395,1,380,309,643,453,1,-1,-1,-1
395,2,647,273,854,380,1,-1,-1,-1
395,13,1267,376,1303,421,1,-1,-1,-1
395,14,1166,364,1204,415,1,-1,-1,-1
396,0,21,326,366,523,1,-1,-1,-1
396,1,380,309,643,453,1,-1,-1,-1
396,2,647,273,854,380,1,-1,-1,-1
396,13,1270,376,1306,420,1,-1,-1,-1
396,14,1173,363,1210,413,1,-1,-1,-1
396,16,880,325,943,401,1,-1,-1,-1
397,0,21,326,366,523,1,-1,-1,-1
397,1,380,309,643,453,1,-1,-1,-1
397,2,647,273,854,380,1,-1,-1,-1
397,13,1274,376,1308,418,1,-1,-1,-1
397,14,1178,364,1216,410,1,-1,-1,-1
397,16,870,324,931,404,1,-1,-1,-1
398,0,21,326,366,523,1,-1,-1,-1
398,1,380,309,643,453,1,-1,-1,-1
398,2,647,273,854,380,1,-1,-1,-1
398,13,1278,376,1311,416,1,-1,-1,-1
398,14,1185,364,1221,408,1,-1,-1,-1
398,16,857,326,919,407,1,-1,-1,-1
399,0,21,326,366,523,1,-1,-1,-1
399,1,380,309,643,453,1,-1,-1,-1
399,2,647,273,854,380,1,-1,-1,-1
399,13,1282,376,1314,414,1,-1,-1,-1
399,14,1191,365,1227,406,1,-1,-1,-1
399,16,840,327,908,408,1,-1,-1,-1
400,0,21,326,366,523,1,-1,-1,-1
400,1,380,309,643,453,1,-1,-1,-1
400,2,647,273,854,380,1,-1,-1,-1
400,13,1281,376,1313,414,1,-1,-1,-1
400,14,1190,365,1227,406,1,-1,-1,-1
400,16,840,329,908,409,1,-1,-1,-1
401,0,21,326,366,523,1,-1,-1,-1
401,1,380,309,643,453,1,-1,-1,-1
401,2,647,273,854,380,1,-1,-1,-1
401,13,1284,377,1316,413,1,-1,-1,-1
401,14,1196,365,1231,405,1,-1,-1,-1
401,16,824,331,895,414,1,-1,-1,-1
402,0,21,326,366,523,1,-1,-1,-1
402,1,380,309,643,453,1,-1,-1,-1
402,2,647,273,854,380,1,-1,-1,-1
402,13,1288,377,1320,411,1,-1,-1,-1
402,14,1201,366,1236,402,1,-1,-1,-1
402,16,809,328,880,416,1,-1,-1,-1
403,0,21,326,366,523,1,-1,-1,-1
403,1,380,309,643,453,1,-1,-1,-1
403,2,647,273,854,380,1,-1,-1,-1
403,13,1292,378,1322,410,1,-1,-1,-1
403,14,1207,368,1241,402,1,-1,-1,-1
403,16,794,335,867,422,1,-1,-1,-1
404,0,21,326,366,523,1,-1,-1,-1
404,1,380,309,643,453,1,-1,-1,-1
404,2,647,273,854,380,1,-1,-1,-1
404,13,1295,379,1325,409,1,-1,-1,-1
404,14,1212,368,1245,399,1,-1,-1,-1
404,16,777,330,852,424,1,-1,-1,-1
405,0,21,326,366,523,1,-1,-1,-1
405,1,380,309,643,453,1,-1,-1,-1
405,2,647,273,854,380,1,-1,-1,-1
405,14,1217,368,1249,397,1,-1,-1,-1
405,16,760,339,838,427,1,-1,-1,-1
406,0,21,326,366,523,1,-1,-1,-1
406,1,380,309,643,453,1,-1,-1,-1
406,2,647,273,854,380,1,-1,-1,-1
406,14,1217,369,1249,398,1,-1,-1,-1
406,16,760,338,838,426,1,-1,-1,-1
407,0,21,326,366,523,1,-1,-1,-1
407,1,380,309,643,453,1,-1,-1,-1
407,2,647,273,854,380,1,-1,-1,-1
407,14,1222,370,1253,396,1,-1,-1,-1
407,16,743,344,822,432,1,-1,-1,-1
408,0,21,326,366,523,1,-1,-1,-1
408,1,380,309,643,453,1,-1,-1,-1
408,2,647,273,854,380,1,-1,-1,-1
408,16,724,348,805,437,1,-1,-1,-1
409,0,21,326,366,523,1,-1,-1,-1
409,1,380,309,643,453,1,-1,-1,-1
409,2,647,273,854,380,1,-1,-1,-1
409,16,705,351,790,441,1,-1,-1,-1
410,0,21,326,366,523,1,-1,-1,-1
410,1,380,309,643,453,1,-1,-1,-1
410,2,647,273,854,380,1,-1,-1,-1
410,16,686,352,772,446,1,-1,-1,-1
411,0,21,326,366,523,1,-1,-1,-1
411,1,380,309,643,453,1,-1,-1,-1
411,2,647,273,854,380,1,-1,-1,-1
411,16,685,351,771,446,1,-1,-1,-1
412,0,21,326,366,523,1,-1,-1,-1
412,1,380,309,643,453,1,-1,-1,-1
412,2,647,273,854,380,1,-1,-1,-1
412,16,666,350,754,449,1,-1,-1,-1
413,0,21,326,366,523,1,-1,-1,-1
413,1,380,309,643,453,1,-1,-1,-1
413,2,647,273,854,380,1,-1,-1,-1
413,16,644,356,736,454,1,-1,-1,-1
414,0,21,326,366,523,1,-1,-1,-1
414,1,380,309,643,453,1,-1,-1,-1
414,2,647,273,854,380,1,-1,-1,-1
414,16,621,359,717,460,1,-1,-1,-1
415,0,21,326,366,523,1,-1,-1,-1
415,1,380,309,643,453,1,-1,-1,-1
415,2,647,273,854,380,1,-1,-1,-1
415,16,599,366,698,465,1,-1,-1,-1
416,0,21,326,366,523,1,-1,-1,-1
416,1,380,309,643,453,1,-1,-1,-1
416,2,647,273,854,380,1,-1,-1,-1
416,16,575,368,678,471,1,-1,-1,-1
417,0,21,326,366,523,1,-1,-1,-1
417,1,380,309,643,453,1,-1,-1,-1
417,2,647,273,854,380,1,-1,-1,-1
417,16,552,373,659,475,1,-1,-1,-1
418,0,21,326,366,523,1,-1,-1,-1
418,1,380,309,643,453,1,-1,-1,-1
418,2,647,273,854,380,1,-1,-1,-1
418,16,551,374,657,475,1,-1,-1,-1
419,0,21,326,366,523,1,-1,-1,-1
419,1,380,309,643,453,1,-1,-1,-1
419,2,647,273,854,380,1,-1,-1,-1
419,16,526,379,635,482,1,-1,-1,-1
420,0,21,326,366,523,1,-1,-1,-1
420,1,380,309,643,453,1,-1,-1,-1
420,2,647,273,854,380,1,-1,-1,-1
420,16,498,383,612,489,1,-1,-1,-1
420,17,956,338,1013,414,1,-1,-1,-1
421,0,21,326,366,523,1,-1,-1,-1
421,1,380,309,643,453,1,-1,-1,-1
421,2,647,273,854,380,1,-1,-1,-1
421,16,469,388,588,496,1,-1,-1,-1
421,17,943,342,1003,413,1,-1,-1,-1
422,0,21,326,366,523,1,-1,-1,-1
422,1,380,309,643,453,1,-1,-1,-1
422,2,647,273,854,380,1,-1,-1,-1
422,16,468,387,588,495,1,-1,-1,-1
422,17,943,340,1004,413,1,-1,-1,-1
423,0,21,326,366,523,1,-1,-1,-1
423,1,380,309,643,453,1,-1,-1,-1
423,2,647,273,854,380,1,-1,-1,-1
423,16,444,386,564,502,1,-1,-1,-1
423,17,930,343,992,417,1,-1,-1,-1
424,0,21,326,366,523,1,-1,-1,-1
424,1,380,309,643,453,1,-1,-1,-1
424,2,647,273,854,380,1,-1,-1,-1
424,16,415,399,539,508,1,-1,-1,-1
424,17,915,344,980,419,1,-1,-1,-1
425,0,21,326,366,523,1,-1,-1,-1
425,1,380,309,643,453,1,-1,-1,-1
425,2,647,273,854,380,1,-1,-1,-1
425,16,415,398,538,507,1,-1,-1,-1
425,17,915,344,980,419,1,-1,-1,-1
426,0,21,326,366,523,1,-1,-1,-1
426,1,380,309,643,453,1,-1,-1,-1
426,2,647,273,854,380,1,-1,-1,-1
426,16,386,399,512,517,1,-1,-1,-1
426,17,902,345,968,423,1,-1,-1,-1
427,0,21,326,366,523,1,-1,-1,-1
427,1,380,309,643,453,1,-1,-1,-1
427,2,647,273,854,380,1,-1,-1,-1
427,16,323,411,457,534,1,-1,-1,-1
427,17,871,349,943,431,1,-1,-1,-1
428,0,21,326,366,523,1,-1,-1,-1
428,1,380,309,643,453,1,-1,-1,-1
428,2,647,273,854,380,1,-1,-1,-1
428,16,291,419,428,542,1,-1,-1,-1
428,17,855,351,929,434,1,-1,-1,-1
429,0,21,326,366,523,1,-1,-1,-1
429,1,380,309,643,453,1,-1,-1,-1
429,2,647,273,854,380,1,-1,-1,-1
429,16,259,420,399,551,1,-1,-1,-1
429,17,837,355,914,440,1,-1,-1,-1
430,0,21,326,366,523,1,-1,-1,-1
430,1,380,309,643,453,1,-1,-1,-1
430,2,647,273,854,380,1,-1,-1,-1
430,16,258,421,398,550,1,-1,-1,-1
430,17,837,355,914,439,1,-1,-1,-1
431,0,21,326,366,523,1,-1,-1,-1
431,1,380,309,643,453,1,-1,-1,-1
431,2,647,273,854,380,1,-1,-1,-1
431,16,224,434,368,561,1,-1,-1,-1
431,17,820,357,898,443,1,-1,-1,-1
432,0,21,326,366,523,1,-1,-1,-1
432,1,380,309,643,453,1,-1,-1,-1
432,2,647,273,854,380,1,-1,-1,-1
432,16,191,440,338,571,1,-1,-1,-1
432,17,802,361,884,448,1,-1,-1,-1
433,0,21,326,366,523,1,-1,-1,-1
433,1,380,309,643,453,1,-1,-1,-1
433,2,647,273,854,380,1,-1,-1,-1
433,16,155,448,306,580,1,-1,-1,-1
433,17,783,363,867,454,1,-1,-1,-1
434,0,21,326,366,523,1,-1,-1,-1
434,1,380,309,643,453,1,-1,-1,-1
434,2,647,273,854,380,1,-1,-1,-1
434,16,122,460,270,584,1,-1,-1,-1
434,17,764,366,850,458,1,-1,-1,-1
435,0,21,326,366,523,1,-1,-1,-1
435,1,380,309,643,453,1,-1,-1,-1
435,2,647,273,854,380,1,-1,-1,-1
435,16,82,461,236,601,1,-1,-1,-1
435,17,743,369,832,462,1,-1,-1,-1
436,0,21,326,366,523,1,-1,-1,-1
436,1,380,309,643,453,1,-1,-1,-1
436,2,647,273,854,380,1,-1,-1,-1
436,16,85,463,237,599,1,-1,-1,-1
436,17,742,370,832,462,1,-1,-1,-1
437,0,21,326,366,523,1,-1,-1,-1
437,1,380,309,643,453,1,-1,-1,-1
437,2,647,273,854,380,1,-1,-1,-1
437,16,47,474,201,605,1,-1,-1,-1
437,17,722,370,815,467,1,-1,-1,-1
438,0,21,326,366,523,1,-1,-1,-1
438,1,380,309,643,453,1,-1,-1,-1
438,2,647,273,854,380,1,-1,-1,-1
438,16,13,480,166,623,1,-1,-1,-1
438,17,700,376,796,472,1,-1,-1,-1
439,0,21,326,366,523,1,-1,-1,-1
439,1,380,309,643,453,1,-1,-1,-1
439,2,647,273,854,380,1,-1,-1,-1
439,16,0,492,128,627,1,-1,-1,-1
439,17,677,380,777,479,1,-1,-1,-1
440,0,21,326,366,523,1,-1,-1,-1
440,1,380,309,643,453,1,-1,-1,-1
440,2,647,273,854,380,1,-1,-1,-1
440,16,0,511,97,620,1,-1,-1,-1
440,17,654,381,756,485,1,-1,-1,-1
441,0,21,326,366,523,1,-1,-1,-1
441,1,380,309,643,453,1,-1,-1,-1
441,2,647,273,854,380,1,-1,-1,-1
441,17,629,385,737,491,1,-1,-1,-1
442,0,21,326,366,523,1,-1,-1,-1
442,1,380,309,643,453,1,-1,-1,-1
442,2,647,273,854,380,1,-1,-1,-1
442,17,630,385,736,490,1,-1,-1,-1
443,0,21,326,366,523,1,-1,-1,-1
443,1,380,309,643,453,1,-1,-1,-1
443,2,647,273,854,380,1,-1,-1,-1
443,17,603,389,715,498,1,-1,-1,-1
444,0,21,326,366,523,1,-1,-1,-1
444,1,380,309,643,453,1,-1,-1,-1
444,2,647,273,854,380,1,-1,-1,-1
444,17,575,396,691,506,1,-1,-1,-1
445,0,21,326,366,523,1,-1,-1,-1
445,1,380,309,643,453,1,-1,-1,-1
445,2,647,273,854,380,1,-1,-1,-1
445,17,548,400,666,513,1,-1,-1,-1
446,0,21,326,366,523,1,-1,-1,-1
446,1,380,309,643,453,1,-1,-1,-1
446,2,647,273,854,380,1,-1,-1,-1
446,17,518,405,640,520,1,-1,-1,-1
447,0,21,326,366,523,1,-1,-1,-1
447,1,380,309,643,453,1,-1,-1,-1
447,2,647,273,854,380,1,-1,-1,-1
447,17,489,412,615,528,1,-1,-1,-1
448,0,21,326,366,523,1,-1,-1,-1
448,1,380,309,643,453,1,-1,-1,-1
448,2,647,273,854,380,1,-1,-1,-1
448,17,489,412,615,528,1,-1,-1,-1
449,0,21,326,366,523,1,-1,-1,-1
449,1,380,309,643,453,1,-1,-1,-1
449,2,647,273,854,380,1,-1,-1,-1
449,17,458,418,588,537,1,-1,-1,-1
450,0,21,326,366,523,1,-1,-1,-1
450,1,380,309,643,453,1,-1,-1,-1
450,2,647,273,854,380,1,-1,-1,-1
450,17,425,422,559,544,1,-1,-1,-1
451,0,21,326,366,523,1,-1,-1,-1
451,1,380,309,643,453,1,-1,-1,-1
451,2,647,273,854,380,1,-1,-1,-1
451,17,392,430,530,552,1,-1,-1,-1
452,0,21,326,366,523,1,-1,-1,-1
452,1,380,309,643,453,1,-1,-1,-1
452,2,647,273,854,380,1,-1,-1,-1
452,17,357,436,501,560,1,-1,-1,-1
453,0,21,326,366,523,1,-1,-1,-1
453,1,380,309,643,453,1,-1,-1,-1
453,2,647,273,854,380,1,-1,-1,-1
453,17,322,441,471,573,1,-1,-1,-1
454,0,21,326,366,523,1,-1,-1,-1
454,1,380,309,643,453,1,-1,-1,-1
454,2,647,273,854,380,1,-1,-1,-1
454,17,322,442,468,574,1,-1,-1,-1
455,0,21,326,366,523,1,-1,-1,-1
455,1,380,309,643,453,1,-1,-1,-1
455,2,647,273,854,380,1,-1,-1,-1
455,17,287,454,438,586,1,-1,-1,-1
456,0,21,326,366,523,1,-1,-1,-1
456,1,380,309,643,453,1,-1,-1,-1
456,2,647,273,854,380,1,-1,-1,-1
456,17,249,465,403,596,1,-1,-1,-1
457,0,21,326,366,523,1,-1,-1,-1
457,1,380,309,643,453,1,-1,-1,-1
457,2,647,273,854,380,1,-1,-1,-1
457,17,210,474,368,606,1,-1,-1,-1
458,0,21,326,366,523,1,-1,-1,-1
458,1,380,309,643,453,1,-1,-1,-1
458,2,647,273,854,380,1,-1,-1,-1
458,17,172,477,334,619,1,-1,-1,-1
459,0,21,326,366,523,1,-1,-1,-1
459,1,380,309,643,453,1,-1,-1,-1
459,2,647,273,854,380,1,-1,-1,-1
459,17,132,487,297,629,1,-1,-1,-1
460,0,21,326,366,523,1,-1,-1,-1
460,1,380,309,643,453,1,-1,-1,-1
460,2,647,273,854,380,1,-1,-1,-1
460,17,132,485,297,629,1,-1,-1,-1
461,0,21,326,366,523,1,-1,-1,-1
461,1,380,309,643,453,1,-1,-1,-1
461,2,647,273,854,380,1,-1,-1,-1
461,17,92,493,259,640,1,-1,-1,-1
462,0,21,326,366,523,1,-1,-1,-1
462,1,380,309,643,453,1,-1,-1,-1
462,2,647,273,854,380,1,-1,-1,-1
462,17,51,505,222,651,1,-1,-1,-1
463,0,21,326,366,523,1,-1,-1,-1
463,1,380,309,643,453,1,-1,-1,-1
463,2,647,273,854,380,1,-1,-1,-1
463,17,15,512,181,663,1,-1,-1,-1
464,0,21,326,366,523,1,-1,-1,-1
464,1,380,309,643,453,1,-1,-1,-1
464,2,647,273,854,380,1,-1,-1,-1
464,17,0,526,140,675,1,-1,-1,-1
465,0,21,326,366,523,1,-1,-1,-1
465,1,380,309,643,453,1,-1,-1,-1
465,2,647,273,854,380,1,-1,-1,-1
465,17,0,540,101,663,1,-1,-1,-1
466,0,21,326,366,523,1,-1,-1,-1
466,1,380,309,643,453,1,-1,-1,-1
466,2,647,273,854,380,1,-1,-1,-1
466,17,0,540,104,662,1,-1,-1,-1
467,0,21,326,366,523,1,-1,-1,-1
467,1,380,309,643,453,1,-1,-1,-1
467,2,647,273,854,380,1,-1,-1,-1
468,0,21,326,366,523,1,-1,-1,-1
468,1,380,309,643,453,1,-1,-1,-1
468,2,647,273,854,380,1,-1,-1,-1
469,0,21,326,366,523,1,-1,-1,-1
469,1,380,309,643,453,1,-1,-1,-1
469,2,647,273,854,380,1,-1,-1,-1
470,0,21,326,366,523,1,-1,-1,-1
470,1,380,309,643,453,1,-1,-1,-1
470,2,647,273,854,380,1,-1,-1,-1
471,0,21,326,366,523,1,-1,-1,-1
471,1,380,309,643,453,1,-1,-1,-1
471,2,647,273,854,380,1,-1,-1,-1
472,0,21,326,366,523,1,-1,-1,-1
472,1,380,309,643,453,1,-1,-1,-1
472,2,647,273,854,380,1,-1,-1,-1
473,0,21,326,366,523,1,-1,-1,-1
473,1,380,309,643,453,1,-1,-1,-1
473,2,647,273,854,380,1,-1,-1,-1
474,0,21,326,366,523,1,-1,-1,-1
474,1,380,309,643,453,1,-1,-1,-1
474,2,647,273,854,380,1,-1,-1,-1
475,0,21,326,366,523,1,-1,-1,-1
475,1,380,309,643,453,1,-1,-1,-1
475,2,647,273,854,380,1,-1,-1,-1
476,0,21,326,366,523,1,-1,-1,-1
476,1,380,309,643,453,1,-1,-1,-1
476,2,647,273,854,380,1,-1,-1,-1
477,0,21,326,366,523,1,-1,-1,-1
477,1,380,309,643,453,1,-1,-1,-1
477,2,647,273,854,380,1,-1,-1,-1
478,0,21,326,366,523,1,-1,-1,-1
478,1,380,309,643,453,1,-1,-1,-1
478,2,647,273,854,380,1,-1,-1,-1
479,0,21,326,366,523,1,-1,-1,-1
479,1,380,309,643,453,1,-1,-1,-1
479,2,647,273,854,380,1,-1,-1,-1
480,0,21,326,366,523,1,-1,-1,-1
480,1,380,309,643,453,1,-1,-1,-1
480,2,647,273,854,380,1,-1,-1,-1
481,0,21,326,366,523,1,-1,-1,-1
481,1,380,309,643,453,1,-1,-1,-1
481,2,647,273,854,380,1,-1,-1,-1
482,0,21,326,366,523,1,-1,-1,-1
482,1,380,309,643,453,1,-1,-1,-1
482,2,647,273,854,380,1,-1,-1,-1
483,0,21,326,366,523,1,-1,-1,-1
483,1,380,309,643,453,1,-1,-1,-1
483,2,647,273,854,380,1,-1,-1,-1
484,0,21,326,366,523,1,-1,-1,-1
484,1,380,309,643,453,1,-1,-1,-1
484,2,647,273,854,380,1,-1,-1,-1
485,0,21,326,366,523,1,-1,-1,-1
485,1,380,309,643,453,1,-1,-1,-1
485,2,647,273,854,380,1,-1,-1,-1
486,0,21,326,366,523,1,-1,-1,-1
486,1,380,309,643,453,1,-1,-1,-1
486,2,647,273,854,380,1,-1,-1,-1
487,0,21,326,366,523,1,-1,-1,-1
487,1,380,309,643,453,1,-1,-1,-1
487,2,647,273,854,380,1,-1,-1,-1
488,0,21,326,366,523,1,-1,-1,-1
488,1,380,309,643,453,1,-1,-1,-1
488,2,647,273,854,380,1,-1,-1,-1
489,0,21,326,366,523,1,-1,-1,-1
489,1,380,309,643,453,1,-1,-1,-1
489,2,647,273,854,380,1,-1,-1,-1
490,0,21,326,366,523,1,-1,-1,-1
490,1,380,309,643,453,1,-1,-1,-1
490,2,647,273,854,380,1,-1,-1,-1
